Nétudiant Examen / 45 Examen /50 TME / 20 TME /10 TME Solo /20 TME Solo /15 TD / 20 TD / 10 Dst /31 DsT / 28 DsT /15 TOTAL brut Aménagement Note aménagée Note UE
3105528 0 0.00 5 2.5 Absent 0.00 0 0 0 0 0.00 2.50 2.50
3108639 5.5 6.11 Absent 0 Absent 0.00 10 5 2 2 1.07 12.18 12.18
3362841 23 25.56 20 10 16.88 12.66 14 7 11 11 5.89 61.11 61.11
3522127 10 11.11 17 8.5 2 1.50 6 3 3.5 3.5 1.88 25.99 25.99
3670867 Absent 0.00 4.4 2.2 Absent 0.00 Absent 0 Absent 0 0.00 2.20 2.20
3677561 19.5 21.67 Absent 0 Absent 0.00 15 7.5 5 5 2.68 31.85 31.85
3700550 32 35.56 13 6.5 17 12.75 2 1 18 18 9.64 65.45 65.45
3701202 0 0.00 6.2 3.1 9 6.75 8 4 0.5 0.5 0.27 14.12 14.12
3701800 Absent 0.00 Absent 0 1 0.75 Absent 0 0.5 0.5 0.27 1.02 1.02
3702821 11 12.22 12.5 6.25 6.5 4.88 14 7 9.5 9.5 5.09 35.44 35.44
3703079 Absent 0.00 6 3 0 0.00 Absent 0 Absent 0 0.00 3.00 3.00
3703104 14.75 16.39 10 5 6 4.50 10 5 13 13 6.96 37.85 37.85
3705095 Absent 0.00 Absent 0 Absent 0.00 Absent 0 Absent 0 0.00 0.00 0.00
3705100 24.3 27.00 14 7 8 6.00 17 8.5 6.5 6.5 3.48 51.98 51.98
3706200 Absent 0.00 Absent 0 Absent 0.00 Absent 0 Absent 0 0.00 0.00 0.00
3707209 3.5 3.89 8 4 1 0.75 10 5 2.5 2.5 1.34 14.98 14.98
3710725 Absent 0.00 Absent 0 Absent 0.00 Absent 0 Absent 0 0.00 0.00 0.00
3710983 23.5 26.11 12.5 6.25 12 9.00 6 3 17.5 17.5 9.38 53.74 53.74
3800009 7.5 8.33 Absent 0 Absent 0.00 Absent 0 3.5 3.5 1.88 10.21 10.21
3800267 Absent 0.00 0 0 Absent 0.00 Absent 0 Absent 0 0.00 0.00 0.00
3800380 3.5 3.89 20 10 3 2.25 18 9 3 3 1.61 26.75 26.75
3800567 Absent 0.00 Absent 0 Absent 0.00 Absent 0 Absent 0 0.00 0.00 0.00
3801026 12.5 13.89 20 10 16 12.00 16 8 10 10 5.36 49.25 JURY 50 50
3801664 25.5 28.33 12 6 10 7.50 16 8 Absent 0 0.00 49.83 JURY 50 50
3801715 18 20.00 15.6 7.8 5 3.75 15.6 7.8 6 6 3.21 42.56 42.56
3801727 Absent 0.00 Absent 0 Absent 0.00 0 0 Absent 0 0.00 0.00 0.00
3803297 17.8 19.78 0 0 8 6.00 Absent 0 5 5 2.68 28.46 28.46
3803788 2.5 2.78 13.2 6.6 16 12.00 16 8 5.5 5.5 2.95 32.32 32.32
3804124 36.5 40.56 17 8.5 8.5 6.38 12.25 6.125 17 17 9.11 70.66 70.66
3804211 18 20.00 Absent 0 10 7.50 Absent 0 10.5 10.5 5.63 33.13 33.13
3804577 Absent 0.00 6 3 0.6 0.45 12 6 Absent 0 0.00 9.45 9.45
3804589 Absent 0.00 0 0 Absent 0.00 Absent 0 Absent 0 0.00 0.00 0.00
3805017 2 2.22 5 2.5 0.5 0.38 10 5 2 2 1.07 11.17 11.17
3805033 19.5 21.67 16.8 8.4 9 6.75 16.8 8.4 10.5 10.5 5.63 50.84 50.84
3805054 Absent 0.00 18 9 Absent 0.00 15.5 7.75 Absent 0 0.00 16.75 16.75
3805104 24.5 27.22 Absent 0 10 7.50 12 6 11 11 5.89 46.62 46.62
3805128 24 26.67 20 10 19 14.25 17 8.5 20 20 10.71 70.13 70.13
3805439 14 15.56 Absent 0 0.5 0.38 Absent 0 5 5 2.68 18.61 18.61
3805587 Absent 0.00 0 0 0 0.00 Absent 0 Absent 0 0.00 0.00 0.00
3805903 0 0.00 Absent 0 Absent 0.00 2 1 2 2 1.07 2.07 2.07
3806144 Absent 0.00 0 0 Absent 0.00 Absent 0 Absent 0 0.00 0.00 0.00
3806484 18.5 20.56 16 8 5 3.75 11.5 5.75 Absent 0 0.00 38.06 38.06
3806775 Absent 0.00 5 2.5 Absent 0.00 Absent 0 0.75 0.75 0.40 2.90 2.90
3807357 15.5 17.22 15 7.5 12 9.00 5 2.5 18 18 9.64 45.87 45.87
3807647 8.5 9.44 Absent 0 Absent 0.00 9 4.5 4.5 4.5 2.41 16.36 16.36
3808141 10.5 11.67 11.8 5.9 6 4.50 11.8 5.9 5 5 2.68 30.65 30.65
Nétudiant Examen / 45 Examen /50 TME / 20 TME /10 TME Solo /20 TME Solo /15 TD / 20 TD / 10 Dst /31 DsT / 28 DsT /15 TOTAL brut Aménagement Note aménagée Note UE
3809339 39 43.33 20 10 18 13.50 20 10 29.75 28 15.00 91.83 91.83
3812067 Absent 0.00 Absent 0 Absent 0.00 Absent 0 Absent 0 0.00 0.00 0.00
3812579 Absent 0.00 Absent 0 Absent 0.00 0 0 0 0 0.00 0.00 0.00
3874176 28 31.11 16 8 19 14.25 16 8 Absent 0 0.00 61.36 61.36
9911395 6.5 7.22 16 8 3 2.25 10.5 5.25 0.5 0.5 0.27 22.99 22.99
28000789 41 45.56 20 10 19 14.25 20 10 26 26 13.93 93.73 93.73
28002212 22.5 25.00 20 10 15.5 11.63 12 6 19.5 19.5 10.45 63.07 63.07
28004327 13.5 15.00 18 9 0.63 0.47 18 9 17 17 9.11 42.58 42.58
28506974 2.5 2.78 5 2.5 Absent 0.00 0 0 Absent 0 0.00 5.28 5.28
28600069 6 6.67 12.6 6.3 7 5.25 12.6 6.3 8 8 4.29 28.80 28.80
28600215 6.5 7.22 20 10 10 7.50 16.5 8.25 10 10 5.36 38.33 38.33
28600249 26.25 29.17 Absent 0 10.75 8.06 18.66 9.33 10.5 10.5 5.63 52.18 52.18
28600308 15.5 17.22 5.6 2.8 1.2 0.90 10.8 5.4 10.25 10.25 5.49 31.81 31.81
28600344 Absent 0.00 0 0 Absent 0.00 0 0 23 23 12.32 12.32 12.32
28600387 10 11.11 15 7.5 12 9.00 Absent 0 2 2 1.07 28.68 28.68
28600490 12 13.33 19 9.5 13 9.75 19 9.5 14.5 14.5 7.77 49.85 JURY 50 50
28600619 15.5 17.22 Absent 0 3 2.25 5 2.5 7 7 3.75 25.72 25.72
28600642 Absent 0.00 16.6 8.3 1.8 1.35 10.8 5.4 6.25 6.25 3.35 18.40 18.40
28600750 27 30.00 12.5 6.25 6.5 4.88 14 7 12 12 6.43 54.55 54.55
28600768 39.25 43.61 18 9 19 14.25 5 2.5 18 18 9.64 79.00 79.00
28600983 13.5 15.00 18.5 9.25 3 2.25 19 9.5 5 5 2.68 38.68 38.68
28601013 Absent 0.00 Absent 0 Absent 0.00 Absent 0 Absent 0 0.00 0.00 0.00
28601268 17 18.89 16 8 18.5 13.88 10 5 15 15 8.04 53.80 53.80
28601294 26 28.89 15 7.5 14 10.50 16.6 8.3 17.5 17.5 9.38 64.56 64.56
28601320 0 0.00 16 8 1 0.75 6 3 0 0 0.00 11.75 11.75
28601584 19.25 21.39 10 5 5.5 4.13 8.5 4.25 13 13 6.96 41.73 41.73
28601840 29.5 32.78 12 6 7.5 5.63 17 8.5 3 3 1.61 54.51 54.51
28601842 35.3 39.22 18 9 11.5 8.63 10 5 19 19 10.18 72.03 72.03
28602105 10.5 11.67 16 8 6.25 4.69 15 7.5 Absent 0 0.00 31.85 31.85
28602162 25 27.78 20 10 11 8.25 19 9.5 4 4 2.14 57.67 57.67
28602204 23.5 26.11 13.7 6.85 20 15.00 12 6 18 18 9.64 63.60 63.60
28602247 19 21.11 17 8.5 13 9.75 15 7.5 14.5 14.5 7.77 54.63 54.63
28602284 Absent 0.00 17 8.5 11 8.25 16 8 14 14 7.50 32.25 32.25
28602305 12.5 13.89 12.5 6.25 4 3.00 7.17 3.585 6.75 6.75 3.62 30.34 30.34
28602339 28.75 31.94 18 9 15 11.25 16 8 15 15 8.04 68.23 68.23
28602343 31.5 35.00 18 9 20 15.00 18 9 18 18 9.64 77.64 77.64
28602373 23.5 26.11 20 10 15 11.25 16 8 15.5 15.5 8.30 63.66 63.66
28602383 34.5 38.33 20 10 11 8.25 9 4.5 13.5 13.5 7.23 68.32 68.32
28602401 25 27.78 16.75 8.375 18 13.50 16 8 6 6 3.21 60.87 60.87
28602404 1 1.11 14.5 7.25 0 0.00 6.92 3.46 6.75 6.75 3.62 15.44 15.44
28602418 34 37.78 20 10 16 12.00 10 5 25.5 25.5 13.66 78.44 78.44
28602435 36 40.00 8 4 0 0.00 3 1.5 27.75 27.75 14.87 60.37 60.37
28602453 14 15.56 11.9 5.95 8 6.00 12 6 5.5 5.5 2.95 36.45 36.45
28602461 18.5 20.56 18 9 15 11.25 16 8 12 12 6.43 55.23 55.23
28602498 3 3.33 16.75 8.375 4 3.00 5 2.5 2 2 1.07 18.28 18.28
28602509 33.8 37.56 13 6.5 11.5 8.63 17 8.5 7 7 3.75 64.93 64.93
Nétudiant Examen / 45 Examen /50 TME / 20 TME /10 TME Solo /20 TME Solo /15 TD / 20 TD / 10 Dst /31 DsT / 28 DsT /15 TOTAL brut Aménagement Note aménagée Note UE
28602541 Absent 0.00 14.8 7.4 1.8 1.35 15.3 7.65 14 14 7.50 23.90 23.90
28602564 24.75 27.50 17 8.5 13 9.75 13 6.5 9 9 4.82 57.07 57.07
28602579 5.5 6.11 16 8 3.5 2.63 12 6 5 5 2.68 25.41 25.41
28602582 31 34.44 17 8.5 19 14.25 19 9.5 17.5 17.5 9.38 76.07 76.07
28602642 4.5 5.00 Absent 0 Absent 0.00 12 6 3 3 1.61 12.61 12.61
28602661 23.75 26.39 20 10 11.5 8.63 15 7.5 11.5 11.5 6.16 58.67 58.67
28602667 10 11.11 14.5 7.25 7.5 5.63 10 5 7.5 7.5 4.02 33.00 33.00
28602691 20 22.22 19.5 9.75 13.75 10.31 19 9.5 16.25 16.25 8.71 60.49 60.49
28602726 34.5 38.33 20 10 13 9.75 18 9 14.75 14.75 7.90 74.99 74.99
28602729 16 17.78 Absent 0 8 6.00 12 6 12 12 6.43 36.21 36.21
28602746 5.5 6.11 16.5 8.25 3 2.25 18 9 7.5 7.5 4.02 29.63 29.63
28602756 26 28.89 Absent 0 Absent 0.00 17 8.5 18.5 18.5 9.91 47.30 47.30
28602780 28.75 31.94 20 10 15 11.25 16 8 17.5 17.5 9.38 70.57 70.57
28602815 30.5 33.89 16 8 20 15.00 16 8 20 20 10.71 75.60 75.60
28602820 26 28.89 14 7 14 10.50 17 8.5 8 8 4.29 59.17 59.17
28602873 14.5 16.11 13 6.5 8 6.00 14 7 6.5 6.5 3.48 39.09 39.09
28603107 14.5 16.11 19.2 9.6 5 3.75 19.2 9.6 Absent 0 0.00 39.06 39.06
28603452 0 0.00 Absent 0 Absent 0.00 6 3 11 11 5.89 8.89 8.89
28603729 Absent 0.00 18 9 4 3.00 16 8 8 8 4.29 24.29 24.29
28603779 12 13.33 20 10 11 8.25 14 7 13 13 6.96 45.55 45.55
28603790 25 27.78 19 9.5 3 2.25 7 3.5 12.5 12.5 6.70 49.72 JURY 50 50
28603791 23 25.56 20 10 13.5 10.13 20 10 17 17 9.11 64.79 64.79
28603815 Absent 0.00 8 4 7 5.25 4 2 6.5 6.5 3.48 14.73 14.73
28603876 5.5 6.11 8 4 Absent 0.00 9.5 4.75 2.7 2.7 1.45 16.31 16.31
28603887 24 26.67 19 9.5 12 9.00 15 7.5 18.8 18.8 10.07 62.74 62.74
28603889 Absent 0.00 4 2 Absent 0.00 4 2 Absent 0 0.00 4.00 4.00
28603929 19.5 21.67 15 7.5 8 6.00 18 9 Absent 0 0.00 44.17 44.17
28604176 34.8 38.67 20 10 10.94 8.21 18 9 22 22 11.79 77.66 77.66
28604184 16.6 18.44 12 6 3 2.25 7 3.5 14 14 7.50 37.69 37.69
28604218 Absent 0.00 10 5 Absent 0.00 10 5 Absent 0 0.00 10.00 10.00
28604425 34.5 38.33 18 9 19 14.25 19 9.5 Absent 0 0.00 71.08 71.08
28604520 16 17.78 18 9 12 9.00 8.5 4.25 7 7 3.75 43.78 43.78
28604615 16.25 18.06 10 5 7 5.25 Absent 0 3 3 1.61 29.91 29.91
28604623 18 20.00 19 9.5 11 8.25 20 10 26 26 13.93 61.68 61.68
28604652 17.5 19.44 13 6.5 7 5.25 17 8.5 5 5 2.68 42.37 42.37
28604720 19 21.11 18 9 15 11.25 7.3 3.65 9 9 4.82 49.83 JURY 50 50
28604739 15 16.67 13 6.5 4 3.00 17 8.5 1.5 1.5 0.80 35.47 35.47
28604746 21 23.33 13 6.5 13 9.75 17 8.5 10 10 5.36 53.44 53.44
28604867 16 17.78 19 9.5 3.5 2.63 4.5 2.25 3.5 3.5 1.88 34.03 34.03
28604946 4.1 4.56 11.75 5.875 4 3.00 0.5 0.25 3 3 1.61 15.29 15.29
28604981 2.5 2.78 5 2.5 1 0.75 Absent 0 2.5 2.5 1.34 7.37 7.37
28604997 28 31.11 14.2 7.1 19 14.25 18 9 14.5 14.5 7.77 69.23 69.23
28605124 17.75 19.72 20 10 15 11.25 20 10 17 17 9.11 60.08 60.08
28605195 29 32.22 20 10 20 15.00 17.5 8.75 26.5 26.5 14.20 80.17 80.17
28605210 9 10.00 15.4 7.7 9 6.75 15.4 7.7 3.5 3.5 1.88 34.03 34.03
28605235 31 34.44 20 10 20 15.00 9.5 4.75 16 16 8.57 72.77 72.77
Nétudiant Examen / 45 Examen /50 TME / 20 TME /10 TME Solo /20 TME Solo /15 TD / 20 TD / 10 Dst /31 DsT / 28 DsT /15 TOTAL brut Aménagement Note aménagée Note UE
28605362 11.5 12.78 Absent 0 Absent 0.00 8 4 8 8 4.29 21.06 21.06
28605381 26 28.89 Absent 0 Absent 0.00 16 8 21.5 21.5 11.52 48.41 48.41
28605625 30.5 33.89 18 9 17 12.75 16 8 22 22 11.79 75.42 75.42
28605894 Absent 0.00 4 2 0 0.00 4 2 Absent 0 0.00 4.00 4.00
28605968 Absent 0.00 0 0 0 0.00 10 5 Absent 0 0.00 5.00 5.00
28606105 1.5 1.67 10 5 1.5 1.13 10 5 4 4 2.14 14.93 14.93
28606114 15.5 17.22 Absent 0 9 6.75 8 4 27 27 14.46 42.44 42.44
28606154 11.5 12.78 13 6.5 11 8.25 6.5 3.25 6.5 6.5 3.48 34.26 34.26
28606317 37.2 41.33 17.5 8.75 11 8.25 19.5 9.75 20.5 20.5 10.98 79.07 79.07
28606382 17 18.89 17.66 8.83 0 0.00 11.5 5.75 11.5 11.5 6.16 39.63 39.63
28606410 34.75 38.61 Absent 0 9 6.75 19 9.5 29 28 15.00 69.86 69.86
28606424 27.5 30.56 19 9.5 9 6.75 15 7.5 13.5 13.5 7.23 61.54 61.54
28606486 32.5 36.11 20 10 20 15.00 20 10 24 24 12.86 83.97 83.97
28606596 Absent 0.00 2 1 0 0.00 Absent 0 Absent 0 0.00 1.00 1.00
28606680 4 4.44 17 8.5 1 0.75 12 6 6 6 3.21 22.91 22.91
28606834 25 27.78 18 9 11 8.25 18 9 10.5 10.5 5.63 59.65 59.65
28607011 12.5 13.89 9 4.5 9 6.75 18 9 12.5 12.5 6.70 40.84 40.84
28607151 Absent 0.00 Absent 0 Absent 0.00 Absent 0 Absent 0 0.00 0.00 0.00
28607162 17 18.89 19 9.5 4.5 3.38 8.25 4.125 7 7 3.75 39.64 39.64
28607247 Absent 0.00 Absent 0 Absent 0.00 0 0 Absent 0 0.00 0.00 0.00
28607329 30.5 33.89 17 8.5 10 7.50 15.5 7.75 17 17 9.11 66.75 66.75
28607357 12.75 14.17 14 7 7 5.25 14.5 7.25 3 3 1.61 35.27 35.27
28607464 10.5 11.67 13 6.5 4 3.00 10 5 6 6 3.21 29.38 29.38
28607488 27.5 30.56 16 8 6 4.50 10.08 5.04 21.75 21.75 11.65 59.75 59.75
28607500 34.5 38.33 Absent 0 Absent 0.00 20 10 24.5 24.5 13.13 61.46 61.46
28607531 1 1.11 16 8 0 0.00 8 4 1 1 0.54 13.65 13.65
28607712 5 5.56 Absent 0 5 3.75 9 4.5 6.5 6.5 3.48 17.29 17.29
28607800 7 7.78 14 7 9 6.75 14 7 13.5 13.5 7.23 35.76 35.76
28607844 20.25 22.50 15 7.5 14 10.50 12 6 13.5 13.5 7.23 53.73 53.73
28607883 33.5 37.22 17.5 8.75 15 11.25 20 10 21 21 11.25 78.47 78.47
28607891 23.25 25.83 8.3 4.15 16 12.00 12 6 7.5 7.5 4.02 52.00 52.00
28607916 23 25.56 18 9 10.63 7.97 17 8.5 7 7 3.75 54.78 54.78
28607923 26.5 29.44 15.6 7.8 6.6 4.95 10.8 5.4 18.75 18.75 10.04 57.64 57.64
28608169 13.25 14.72 7 3.5 5 3.75 8 4 13 13 6.96 32.94 32.94
28608405 25 27.78 20 10 19.5 14.63 10 5 18.5 18.5 9.91 67.31 67.31
28608457 24 26.67 20 10 15 11.25 15 7.5 18.5 18.5 9.91 65.33 65.33
28608509 21.1 23.44 17 8.5 8.5 6.38 14 7 10 10 5.36 50.68 50.68
28608522 Absent 0.00 10 5 Absent 0.00 0 0 Absent 0 0.00 5.00 5.00
28608673 11.5 12.78 16 8 2.5 1.88 7 3.5 16 16 8.57 34.72 34.72
28608773 18 20.00 18 9 6 4.50 13 6.5 9 9 4.82 44.82 44.82
28608846 Absent 0.00 Absent 0 Absent 0.00 Absent 0 Absent 0 0.00 0.00 0.00
28608912 Absent 0.00 13.6 6.8 Absent 0.00 13.6 6.8 Absent 0 0.00 13.60 13.60
28609130 21 23.33 Absent 0 7.75 5.81 18.66 9.33 15.5 15.5 8.30 46.78 46.78
28609234 15 16.67 16 8 12 9.00 18 9 18 18 9.64 52.31 52.31
28609268 Absent 0.00 13 6.5 5 3.75 12.5 6.25 6.5 6.5 3.48 19.98 19.98
28609356 14 15.56 15 7.5 4 3.00 15 7.5 11 11 5.89 39.45 39.45
Nétudiant Examen / 45 Examen /50 TME / 20 TME /10 TME Solo /20 TME Solo /15 TD / 20 TD / 10 Dst /31 DsT / 28 DsT /15 TOTAL brut Aménagement Note aménagée Note UE
28609369 0 0.00 16 8 0 0.00 8.5 4.25 13.4 13.4 7.18 19.43 19.43
28609373 Absent 0.00 Absent 0 Absent 0.00 Absent 0 Absent 0 0.00 0.00 0.00
28609387 21.25 23.61 17 8.5 17 12.75 16 8 9.5 9.5 5.09 57.95 57.95
28609402 Absent 0.00 Absent 0 0 0.00 10 5 Absent 0 0.00 5.00 5.00
28609421 4 4.44 1 0.5 0 0.00 4.5 2.25 0.5 0.5 0.27 7.46 7.46
28609501 Absent 0.00 12 6 0 0.00 17 8.5 3 3 1.61 16.11 16.11
28609507 15.1 16.78 19 9.5 10.5 7.88 19 9.5 6 6 3.21 46.87 46.87
28609544 24 26.67 7 3.5 16.5 12.38 9 4.5 15 15 8.04 55.08 55.08
28609798 30 33.33 18 9 13 9.75 17 8.5 17 17 9.11 69.69 69.69
28609844 13 14.44 20 10 6.5 4.88 15 7.5 5 5 2.68 39.50 39.50
28609939 40 44.44 17.4 8.7 12 9.00 16 8 13 13 6.96 77.11 77.11
28609977 0 0.00 Absent 0 Absent 0.00 Absent 0 1.5 1.5 0.80 0.80 0.80
28610000 16 17.78 Absent 0 Absent 0.00 16 8 12 12 6.43 32.21 32.21
28610018 40.2 44.67 Absent 0 Absent 0.00 18 9 26.5 26.5 14.20 67.86 67.86
28610082 Absent 0.00 8.4 4.2 Absent 0.00 Absent 0 Absent 0 0.00 4.20 4.20
28610099 3.5 3.89 Absent 0 Absent 0.00 9 4.5 6 6 3.21 11.60 11.60
28610200 Absent 0.00 9 4.5 Absent 0.00 12.5 6.25 Absent 0 0.00 10.75 10.75
28610247 26 28.89 18 9 12 9.00 8 4 21.25 21.25 11.38 62.27 62.27
28610329 Absent 0.00 0 0 Absent 0.00 Absent 0 Absent 0 0.00 0.00 0.00
28610385 10.5 11.67 12 6 2 1.50 7 3.5 9 9 4.82 27.49 27.49
28610506 Absent 0.00 10 5 Absent 0.00 Absent 0 Absent 0 0.00 5.00 5.00
28610536 22.25 24.72 14 7 11.5 8.63 17 8.5 15 15 8.04 56.88 56.88
28610558 13.5 15.00 16.25 8.125 4 3.00 15 7.5 4.5 4.5 2.41 36.04 36.04
28610609 7 7.78 20 10 1 0.75 6.5 3.25 6.5 6.5 3.48 25.26 25.26
28610619 14 15.56 11 5.5 5 3.75 18 9 10 10 5.36 39.16 39.16
28610654 40 44.44 18 9 14 10.50 19 9.5 19 19 10.18 83.62 83.62
28610719 22 24.44 10 5 15 11.25 10 5 16.5 16.5 8.84 54.53 54.53
28610748 25.5 28.33 18 9 5 3.75 11.5 5.75 5 5 2.68 49.51 JURY 50 50
28610776 24.75 27.50 Absent 0 Absent 0.00 16 8 13.5 13.5 7.23 42.73 42.73
28610792 26.5 29.44 16.25 8.125 17 12.75 13 6.5 8 8 4.29 61.11 61.11
28610873 13.75 15.28 20 10 9 6.75 5 2.5 9.25 9.25 4.96 39.48 39.48
28611491 12 13.33 18.25 9.125 8 6.00 17 8.5 8 8 4.29 41.24 41.24
28611603 6 6.67 19 9.5 3 2.25 15 7.5 7.25 7.25 3.88 29.80 29.80
28612931 7.25 8.06 14.5 7.25 4 3.00 18 9 9.25 9.25 4.96 32.26 32.26
28613117 17 18.89 18 9 5.5 4.13 12 6 8 8 4.29 42.30 42.30
28614001 28.5 31.67 15 7.5 17 12.75 16 8 14.5 14.5 7.77 67.68 67.68
28614235 8.5 9.44 16 8 3 2.25 11.5 5.75 8 8 4.29 29.73 29.73
28614481 16.75 18.61 15.2 7.6 6.6 4.95 16 8 12.25 12.25 6.56 45.72 45.72
28614543 11.5 12.78 20 10 7 5.25 18 9 6 6 3.21 40.24 40.24
28614599 7.25 8.06 5.66 2.83 0.5 0.38 6 3 6 6 3.21 17.47 17.47
28614635 27 30.00 19 9.5 20 15.00 12.5 6.25 18 18 9.64 70.39 70.39
28614638 25 27.78 11 5.5 10 7.50 Absent 0 12 12 6.43 47.21 47.21
28614647 25 27.78 Absent 0 Absent 0.00 7 3.5 17 17 9.11 40.38 40.38
28614691 Absent 0.00 Absent 0 1.5 1.13 18 9 Absent 0 0.00 10.13 10.13
28615321 Absent 0.00 Absent 0 Absent 0.00 0 0 0 0 0.00 0.00 0.00
28616272 20 22.22 14 7 13.5 10.13 17 8.5 9.5 9.5 5.09 52.94 52.94
Nétudiant Examen / 45 Examen /50 TME / 20 TME /10 TME Solo /20 TME Solo /15 TD / 20 TD / 10 Dst /31 DsT / 28 DsT /15 TOTAL brut Aménagement Note aménagée Note UE
28616494 41 45.56 17.5 8.75 12 9.00 12.25 6.125 23.75 23.75 12.72 82.15 82.15
28617216 17 18.89 18.5 9.25 15 11.25 9 4.5 8.5 8.5 4.55 48.44 JURY 50 50
28617317 1.5 1.67 Absent 0 0 0.00 4 2 5 5 2.68 6.35 6.35
28617555 38.75 43.06 20 10 20 15.00 20 10 26 26 13.93 91.98 91.98
28617920 12 13.33 5 2.5 8 6.00 Absent 0 4.5 4.5 2.41 24.24 24.24
28618244 Absent 0.00 0 0 0 0.00 10 5 Absent 0 0.00 5.00 5.00
28618339 5 5.56 17 8.5 6 4.50 14 7 9.5 9.5 5.09 30.64 30.64
28619252 12 13.33 16 8 8 6.00 19 9.5 2 2 1.07 37.90 37.90
28622769 Absent 0.00 20 10 17 12.75 15 7.5 17 17 9.11 39.36 39.36
28624175 18 20.00 18.4 9.2 5 3.75 14 7 13 13 6.96 46.91 46.91
28624244 1 1.11 11 5.5 5 3.75 17 8.5 1 1 0.54 19.40 19.40
28624266 36 40.00 17.2 8.6 20 15.00 14 7 25 25 13.39 83.99 83.99
28624453 11 12.22 17 8.5 10 7.50 4 2 9.5 9.5 5.09 35.31 35.31
28624521 19.5 21.67 Absent 0 Absent 0.00 12.66 6.33 6.5 6.5 3.48 31.48 31.48
28625733 12 13.33 6 3 3 2.25 6 3 7.25 7.25 3.88 25.47 25.47
28626005 37 41.11 20 10 19 14.25 18 9 23.5 23.5 12.59 86.95 86.95
28626185 Absent 0.00 Absent 0 Absent 0.00 Absent 0 Absent 0 0.00 0.00 0.00
28626439 37.5 41.67 18.2 9.1 11 8.25 18.2 9.1 16 16 8.57 76.69 76.69
28626535 45 50.00 20 10 20 15.00 14.6 7.3 23 23 12.32 94.62 94.62
28626896 26.25 29.17 18 9 12 9.00 18 9 20 20 10.71 66.88 66.88
28627693 Absent 0.00 0 0 Absent 0.00 Absent 0 Absent 0 0.00 0.00 0.00
28627892 Absent 0.00 6.1 3.05 Absent 0.00 Absent 0 Absent 0 0.00 3.05 3.05
28627968 30.5 33.89 19 9.5 12.5 9.38 9 4.5 24 24 12.86 70.12 70.12
28628227 3.5 3.89 6 3 1 0.75 2 1 0.65 0.65 0.35 8.99 8.99
28628561 Absent 0.00 11 5.5 Absent 0.00 5 2.5 Absent 0 0.00 8.00 8.00
28628647 18.5 20.56 17.5 8.75 13 9.75 17.5 8.75 11.5 11.5 6.16 53.97 53.97
28628725 33 36.67 19 9.5 15 11.25 18 9 19 19 10.18 76.60 76.60
28628872 0.75 0.83 Absent 0 Absent 0.00 0 0 1 1 0.54 1.37 1.37
28629065 Absent 0.00 3.6 1.8 0 0.00 9 4.5 0.25 0.25 0.13 6.43 6.43
28629358 16.5 18.33 2 1 3 2.25 4 2 6 6 3.21 26.80 26.80
28629470 Absent 0.00 0 0 Absent 0.00 Absent 0 Absent 0 0.00 0.00 0.00
28629641 38.3 42.56 17.75 8.875 20 15.00 19.5 9.75 26.5 26.5 14.20 90.38 90.38
28630113 10.5 11.67 Absent 0 3 2.25 8.5 4.25 1 1 0.54 18.70 18.70
28631007 18 20.00 Absent 0 Absent 0.00 16.5 8.25 17 17 9.11 37.36 37.36
28631085 28 31.11 15 7.5 12.5 9.38 17 8.5 14.5 14.5 7.77 64.25 64.25
28631326 17.5 19.44 Absent 0 4.5 3.38 12.66 6.33 9.5 9.5 5.09 34.24 34.24
28631358 21.5 23.89 Absent 0 Absent 0.00 14 7 9 9 4.82 35.71 35.71
28631408 Absent 0.00 6.6 3.3 0 0.00 9 4.5 Absent 0 0.00 7.80 7.80
28631443 17 18.89 18 9 14 10.50 7.5 3.75 9 9 4.82 46.96 46.96
28631628 14.7 16.33 Absent 0 Absent 0.00 20 10 9.5 9.5 5.09 31.42 31.42
28631932 23.1 25.67 11 5.5 11 8.25 11 5.5 11 11 5.89 50.81 50.81
28631941 43 47.78 Absent 0 14 10.50 16 8 25 25 13.39 79.67 79.67
28631946 34 37.78 20 10 16.5 12.38 15.25 7.625 22 22 11.79 79.56 79.56
28631974 33 36.67 19.5 9.75 7.5 5.63 18 9 27 27 14.46 75.51 75.51
28632274 22 24.44 Absent 0 1 0.75 14 7 10.5 10.5 5.63 37.82 37.82
28632380 38.5 42.78 Absent 0 Absent 0.00 20 10 28 28 15.00 67.78 67.78
Nétudiant Examen / 45 Examen /50 TME / 20 TME /10 TME Solo /20 TME Solo /15 TD / 20 TD / 10 Dst /31 DsT / 28 DsT /15 TOTAL brut Aménagement Note aménagée Note UE
28632741 Absent 0.00 3.2 1.6 3 2.25 10 5 0 0 0.00 8.85 8.85
28632829 15.5 17.22 13.6 6.8 6 4.50 14 7 10 10 5.36 40.88 40.88
28632912 31.25 34.72 20 10 16 12.00 16 8 16 16 8.57 73.29 73.29
28632942 44 48.89 18.5 9.25 13.5 10.13 20 10 25.5 25.5 13.66 91.92 91.92
28632961 21 23.33 16.2 8.1 19 14.25 12 6 11.5 11.5 6.16 57.84 57.84
28633037 13.5 15.00 19.5 9.75 8 6.00 7.5 3.75 9 9 4.82 39.32 39.32
28633040 Absent 0.00 15 7.5 0 0.00 8 4 2 2 1.07 12.57 12.57
28633072 5.5 6.11 Absent 0 6 4.50 14.5 7.25 6 6 3.21 21.08 21.08
28633166 40.75 45.28 20 10 20 15.00 18 9 17 17 9.11 88.38 88.38
28633237 36.5 40.56 18 9 14.69 11.02 13 6.5 22 22 11.79 78.86 78.86
28633274 36.75 40.83 17.2 8.6 19 14.25 20 10 21.5 21.5 11.52 85.20 85.20
28633410 40.75 45.28 16.5 8.25 20 15.00 11 5.5 18 18 9.64 83.67 83.67
28633416 Absent 0.00 Absent 0 Absent 0.00 5 2.5 Absent 0 0.00 2.50 2.50
28633419 40.25 44.72 18.5 9.25 18.5 13.88 20 10 25 25 13.39 91.24 91.24
28633527 16 17.78 Absent 0 11 8.25 10 5 15.5 15.5 8.30 39.33 39.33
28633548 34.5 38.33 16 8 11 8.25 16.5 8.25 15.5 15.5 8.30 71.14 71.14
28633590 Absent 0.00 2 1 Absent 0.00 Absent 0 Absent 0 0.00 1.00 1.00
28633622 29 32.22 Absent 0 Absent 0.00 16 8 16.5 16.5 8.84 49.06 JURY 50 50
28633646 38.5 42.78 14 7 14 10.50 18.5 9.25 19 19 10.18 79.71 79.71
28633739 Absent 0.00 Absent 0 Absent 0.00 Absent 0 Absent 0 0.00 0.00 0.00
28633811 Absent 0.00 20 10 0 0.00 10 5 Absent 0 0.00 15.00 15.00
28633935 30 33.33 20 10 14 10.50 20 10 22 22 11.79 75.62 75.62
28634278 24 26.67 20 10 20 15.00 20 10 21 21 11.25 72.92 72.92
28634307 28.5 31.67 15 7.5 10.5 7.88 15 7.5 9 9 4.82 59.36 59.36
28634772 23.5 26.11 19.8 9.9 9 6.75 16.5 8.25 12.75 12.75 6.83 57.84 57.84
28634904 28 31.11 19 9.5 8 6.00 17 8.5 15.5 15.5 8.30 63.41 63.41
28635007 9 10.00 12 6 5 3.75 11 5.5 16 16 8.57 33.82 33.82
28635273 37 41.11 18 9 16 12.00 20 10 30.25 28 15.00 87.11 87.11
28635460 41 45.56 Absent 0 Absent 0.00 17 8.5 23 23 12.32 66.38 66.38
28635569 Absent 0.00 4 2 Absent 0.00 Absent 0 Absent 0 0.00 2.00 2.00
28635910 0.25 0.28 0 0 0.5 0.38 0.5 0.25 Absent 0 0.00 0.90 0.90
28635974 12.75 14.17 16.33 8.165 5 3.75 Absent 0 Absent 0 0.00 26.08 26.08
28636065 29 32.22 16 8 13.5 10.13 13 6.5 21 21 11.25 68.10 68.10
28636293 Absent 0.00 5 2.5 Absent 0.00 Absent 0 Absent 0 0.00 2.50 2.50
28636392 23.5 26.11 15.5 7.75 7 5.25 15 7.5 9 9 4.82 51.43 51.43
28636394 19 21.11 13 6.5 9.5 7.13 17 8.5 0.5 0.5 0.27 43.50 43.50
28636477 Absent 0.00 0 0 Absent 0.00 Absent 0 Absent 0 0.00 0.00 0.00
28636491 Absent 0.00 5 2.5 0 0.00 10 5 Absent 0 0.00 7.50 7.50
28636751 13.5 15.00 16.6 8.3 0 0.00 8.5 4.25 1.75 1.75 0.94 28.49 28.49
28637390 2 2.22 6 3 4 3.00 0.5 0.25 Absent 0 0.00 8.47 8.47
28637554 1 1.11 8 4 0.5 0.38 4 2 2.75 2.75 1.47 8.96 8.96
28639222 6.75 7.50 20 10 Absent 0.00 10 5 0.75 0.75 0.40 22.90 22.90
28639534 0.25 0.28 14 7 1 0.75 10 5 0 0 0.00 13.03 13.03
28700022 14 15.56 13 6.5 6 4.50 18 9 9 9 4.82 40.38 40.38
28700238 26.25 29.17 15 7.5 10 7.50 19 9.5 13 13 6.96 60.63 60.63
28700380 32 35.56 13.2 6.6 13 9.75 14 7 24.5 24.5 13.13 72.03 72.03
Nétudiant Examen / 45 Examen /50 TME / 20 TME /10 TME Solo /20 TME Solo /15 TD / 20 TD / 10 Dst /31 DsT / 28 DsT /15 TOTAL brut Aménagement Note aménagée Note UE
28700532 Absent 0.00 15 7.5 0 0.00 Absent 0 5.5 5.5 2.95 10.45 10.45
28700560 1 1.11 15.2 7.6 Absent 0.00 10 5 4 4 2.14 15.85 15.85
28700802 20 22.22 13.8 6.9 15 11.25 14 7 6.5 6.5 3.48 50.85 50.85
28701368 26.75 29.72 15.6 7.8 19 14.25 16 8 25.5 25.5 13.66 73.43 73.43
28702216 14 15.56 13 6.5 4 3.00 12 6 9 9 4.82 35.88 35.88
28702524 17.75 19.72 20 10 13 9.75 15 7.5 20.1 20.1 10.77 57.74 57.74
28702557 14.5 16.11 11.2 5.6 8 6.00 14 7 6 6 3.21 37.93 37.93
28702866 19.5 21.67 19 9.5 20 15.00 10.5 5.25 19.5 19.5 10.45 61.86 61.86
28703224 33 36.67 15.8 7.9 12 9.00 4 2 25 25 13.39 68.96 68.96
28705068 29.5 32.78 20 10 20 15.00 17 8.5 27.8 27.8 14.89 81.17 81.17
28705101 10 11.11 18 9 7 5.25 19 9.5 10 10 5.36 40.22 40.22
28705116 15 16.67 19 9.5 16 12.00 20 10 11 11 5.89 54.06 54.06
28705125 6 6.67 16 8 2 1.50 14 7 5 5 2.68 25.85 25.85
28705130 14 15.56 Absent 0 3 2.25 11 5.5 6 6 3.21 26.52 26.52
28705209 14 15.56 17 8.5 13 9.75 16 8 14 14 7.50 49.31 JURY 50 50
28705243 Absent 0.00 20 10 14 10.50 15 7.5 23.5 23.5 12.59 40.59 40.59
28705252 34 37.78 20 10 6 4.50 16 8 23 23 12.32 72.60 72.60
28705285 14 15.56 20 10 7 5.25 15 7.5 8 8 4.29 42.59 42.59
28705290 Absent 0.00 Absent 0 Absent 0.00 Absent 0 Absent 0 0.00 0.00 0.00
28705294 24.5 27.22 15.5 7.75 5.5 4.13 18 9 22 22 11.79 59.88 59.88
28705295 20 22.22 20 10 8 6.00 12 6 10.55 10.55 5.65 49.87 JURY 50 50
28705299 19.5 21.67 18 9 10 7.50 14 7 16 16 8.57 53.74 53.74
28705333 21 23.33 20 10 6.5 4.88 18.5 9.25 19.85 19.85 10.63 58.09 58.09
28705334 38.5 42.78 19 9.5 14 10.50 15.2 7.6 22.25 22.25 11.92 82.30 82.30
28705375 29 32.22 18.3 9.15 17 12.75 17.8 8.9 18 18 9.64 72.67 72.67
28705379 35.5 39.44 20 10 17 12.75 18 9 24.3 24.3 13.02 84.21 84.21
28705384 39.5 43.89 18.9 9.45 14.5 10.88 14 7 21.25 21.25 11.38 82.60 82.60
28705389 32 35.56 13 6.5 12.75 9.56 13 6.5 9.5 9.5 5.09 63.21 63.21
28705393 26.5 29.44 17.5 8.75 17 12.75 14 7 20.1 20.1 10.77 68.71 68.71
28705401 30 33.33 19 9.5 8 6.00 11.5 5.75 12.5 12.5 6.70 61.28 61.28
28705403 2 2.22 9 4.5 4 3.00 4 2 0 0 0.00 11.72 11.72
28705413 36.5 40.56 20 10 18 13.50 11.5 5.75 27 27 14.46 84.27 84.27
28705421 8.5 9.44 8 4 2.5 1.88 8 4 1 1 0.54 19.86 19.86
28705424 35 38.89 20 10 20 15.00 19.5 9.75 29 28 15.00 88.64 88.64
28705425 Absent 0.00 20 10 20 15.00 10 5 26.5 26.5 14.20 44.20 44.20
28705432 Absent 0.00 Absent 0 Absent 0.00 0 0 Absent 0 0.00 0.00 0.00
28705434 Absent 0.00 Absent 0 Absent 0.00 Absent 0 Absent 0 0.00 0.00 0.00
28705473 8.5 9.44 14.5 7.25 8.25 6.19 11 5.5 7 7 3.75 32.13 32.13
28705478 13.25 14.72 15.5 7.75 7 5.25 12.5 6.25 10 10 5.36 39.33 39.33
28705521 35.5 39.44 20 10 16.5 12.38 8 4 21.5 21.5 11.52 77.34 77.34
28705536 39 43.33 16.6 8.3 10 7.50 19 9.5 19 19 10.18 78.81 78.81
28705550 26.75 29.72 14 7 2 1.50 8 4 12 12 6.43 48.65 48.65
28705556 34.25 38.06 17.5 8.75 20 15.00 17.5 8.75 27 27 14.46 85.02 85.02
28705557 44 48.89 20 10 17.5 13.13 13 6.5 27 27 14.46 92.98 92.98
28705560 29.5 32.78 20 10 18.5 13.88 16.5 8.25 21.5 21.5 11.52 76.42 76.42
28705585 29.5 32.78 20 10 20 15.00 16 8 23.05 23.05 12.35 78.13 78.13
Nétudiant Examen / 45 Examen /50 TME / 20 TME /10 TME Solo /20 TME Solo /15 TD / 20 TD / 10 Dst /31 DsT / 28 DsT /15 TOTAL brut Aménagement Note aménagée Note UE
28705595 18 20.00 16 8 14 10.50 16 8 19 19 10.18 56.68 56.68
28705606 24.5 27.22 19.5 9.75 11.5 8.63 19.5 9.75 23.5 23.5 12.59 67.94 67.94
28705620 4.25 4.72 15 7.5 2 1.50 15 7.5 3 3 1.61 22.83 22.83
28705630 19.25 21.39 15 7.5 5.5 4.13 15 7.5 5 5 2.68 43.19 43.19
28705631 27 30.00 18 9 10 7.50 9 4.5 16 16 8.57 59.57 59.57
28705636 16 17.78 10 5 6 4.50 10 5 10 10 5.36 37.63 37.63
28705655 37 41.11 20 10 12 9.00 15 7.5 16 16 8.57 76.18 76.18
28705694 21 23.33 12.9 6.45 2.5 1.88 9.3 4.65 3 3 1.61 37.92 37.92
28705702 25.5 28.33 15 7.5 15 11.25 20 10 Absent 0 0.00 57.08 57.08
28705708 7 7.78 14 7 1 0.75 14 7 5 5 2.68 25.21 25.21
28705749 30.5 33.89 20 10 19 14.25 10 5 16 16 8.57 71.71 71.71
28705761 18.75 20.83 20 10 10.5 7.88 17 8.5 18.75 18.75 10.04 57.25 57.25
28705773 Absent 0.00 Absent 0 Absent 0.00 Absent 0 Absent 0 0.00 0.00 0.00
28705778 6 6.67 19.25 9.625 7.5 5.63 19.25 9.625 6 6 3.21 34.76 34.76
28705780 6.5 7.22 19.5 9.75 3.75 2.81 19.5 9.75 2 2 1.07 30.61 30.61
28705819 33.5 37.22 20 10 11 8.25 18 9 17 17 9.11 73.58 73.58
28705823 29 32.22 19.75 9.875 19 14.25 15 7.5 17.5 17.5 9.38 73.22 73.22
28705829 32 35.56 20 10 18 13.50 17.5 8.75 27 27 14.46 82.27 82.27
28705831 19.5 21.67 16 8 Absent 0.00 11.5 5.75 23 23 12.32 47.74 47.74
28705833 22.5 25.00 17 8.5 15 11.25 8 4 16.25 16.25 8.71 57.46 57.46
28705835 19.5 21.67 13 6.5 9.5 7.13 17 8.5 9.5 9.5 5.09 48.88 48.88
28705836 37.3 41.44 20 10 16 12.00 16.5 8.25 30 28 15.00 86.69 86.69
28705837 36 40.00 20 10 15 11.25 17.5 8.75 21.5 21.5 11.52 81.52 81.52
28705838 44 48.89 19 9.5 20 15.00 17.5 8.75 26.5 26.5 14.20 96.34 96.34
28705844 23 25.56 17 8.5 13 9.75 18 9 17 17 9.11 61.91 61.91
28705847 29 32.22 Absent 0 Absent 0.00 16.5 8.25 22.5 22.5 12.05 52.53 52.53
28705848 39 43.33 15.2 7.6 10.8 8.10 16.3 8.15 17 17 9.11 76.29 76.29
28705850 25.5 28.33 19 9.5 10 7.50 12.9 6.45 14.3 14.3 7.66 59.44 59.44
28705851 38 42.22 20 10 16.5 12.38 14 7 26.8 26.8 14.36 85.95 85.95
28705853 Absent 0.00 20 10 12 9.00 4 2 6.75 6.75 3.62 24.62 24.62
28705855 7.9 8.78 12 6 1 0.75 11 5.5 0.5 0.5 0.27 21.30 21.30
28705867 43 47.78 20 10 19.5 14.63 19 9.5 28 28 15.00 96.90 96.90
28705870 29.5 32.78 19 9.5 15 11.25 19 9.5 25.5 25.5 13.66 76.69 76.69
28705877 13 14.44 18 9 4 3.00 11.5 5.75 5.5 5.5 2.95 35.14 35.14
28705878 21 23.33 Absent 0 Absent 0.00 7 3.5 12 12 6.43 33.26 33.26
28705881 29.25 32.50 20 10 8 6.00 8.6 4.3 20.5 20.5 10.98 63.78 63.78
28705891 25.5 28.33 12 6 8 6.00 17.2 8.6 12.5 12.5 6.70 55.63 55.63
28705892 31 34.44 Absent 0 Absent 0.00 20 10 25 25 13.39 57.84 57.84
28705896 15 16.67 18 9 13.5 10.13 6 3 5.25 5.25 2.81 41.60 41.60
28705904 3 3.33 7.2 3.6 6 4.50 8 4 0.5 0.5 0.27 15.70 15.70
28705906 21.1 23.44 20 10 16 12.00 13 6.5 17 17 9.11 61.05 61.05
28705907 45 50.00 20 10 19 14.25 16 8 30 28 15.00 97.25 97.25
28705910 43.5 48.33 20 10 18.33 13.75 18.7 9.35 28.25 28 15.00 96.43 96.43
28705913 37 41.11 16 8 16 12.00 13 6.5 22.5 22.5 12.05 79.66 79.66
28705922 28.5 31.67 16 8 11 8.25 20 10 19.5 19.5 10.45 68.36 68.36
28705926 39 43.33 20 10 16 12.00 18 9 21.75 21.75 11.65 85.99 85.99
Nétudiant Examen / 45 Examen /50 TME / 20 TME /10 TME Solo /20 TME Solo /15 TD / 20 TD / 10 Dst /31 DsT / 28 DsT /15 TOTAL brut Aménagement Note aménagée Note UE
28705927 22.9 25.44 14.3 7.15 10 7.50 13.8 6.9 14.75 14.75 7.90 54.90 54.90
28705936 4 4.44 10 5 5 3.75 10 5 1 1 0.54 18.73 18.73
28705942 Absent 0.00 8.25 4.125 0 0.00 4 2 Absent 0 0.00 6.13 6.13
28705947 Absent 0.00 Absent 0 Absent 0.00 Absent 0 Absent 0 0.00 0.00 0.00
28705948 36 40.00 20 10 15 11.25 16 8 14 14 7.50 76.75 76.75
28705952 26.75 29.72 19.75 9.875 14.5 10.88 19.75 9.875 24 24 12.86 73.20 73.20
28705955 31 34.44 14 7 9 6.75 17 8.5 24.5 24.5 13.13 69.82 69.82
28705957 35.5 39.44 20 10 16 12.00 11.5 5.75 17.5 17.5 9.38 76.57 76.57
28705959 22.5 25.00 20 10 20 15.00 20 10 24.5 24.5 13.13 73.13 73.13
28705963 33 36.67 Absent 0 12 9.00 20 10 19.5 19.5 10.45 66.11 66.11
28705965 24 26.67 16.6 8.3 11 8.25 16.6 8.3 13 13 6.96 58.48 58.48
28705969 27.25 30.28 18.25 9.125 13 9.75 18.25 9.125 13 13 6.96 65.24 65.24
28705977 43 47.78 20 10 19 14.25 19.5 9.75 27 27 14.46 96.24 96.24
28705982 28 31.11 18 9 13 9.75 13 6.5 13 13 6.96 63.33 63.33
28705996 31.5 35.00 20 10 14 10.50 9.5 4.75 19 19 10.18 70.43 70.43
28706009 6 6.67 Absent 0 Absent 0.00 6 3 2.5 2.5 1.34 11.01 11.01
28706025 Absent 0.00 18.75 9.375 0 0.00 Absent 0 21.5 21.5 11.52 20.89 20.89
28706026 25.5 28.33 Absent 0 Absent 0.00 20 10 16.5 16.5 8.84 47.17 47.17
28706029 22.75 25.28 20 10 15.5 11.63 18 9 17 17 9.11 65.01 65.01
28706037 26 28.89 20 10 19 14.25 15.5 7.75 17.35 17.35 9.29 70.18 70.18
28706052 27.5 30.56 20 10 11.5 8.63 16 8 18.25 18.25 9.78 66.96 66.96
28706054 20.5 22.78 17.25 8.625 11 8.25 16 8 11.25 11.25 6.03 53.68 53.68
28706059 23 25.56 18.88 9.44 20 15.00 16 8 19 19 10.18 68.17 68.17
28706060 37 41.11 20 10 20 15.00 20 10 29 28 15.00 91.11 91.11
28706061 28 31.11 19.6 9.8 20 15.00 15.5 7.75 16.75 16.75 8.97 72.63 72.63
28706062 15.25 16.94 19.4 9.7 14 10.50 19.4 9.7 16.5 16.5 8.84 55.68 55.68
28706068 18.5 20.56 16 8 6 4.50 12 6 11 11 5.89 44.95 44.95
28706076 26.5 29.44 14 7 13 9.75 17 8.5 9 9 4.82 59.52 59.52
28706087 40.5 45.00 20 10 20 15.00 14.5 7.25 23 23 12.32 89.57 89.57
28706090 42.8 47.56 20 10 20 15.00 17.5 8.75 26 26 13.93 95.23 95.23
28706092 42 46.67 20 10 19.5 14.63 20 10 29 28 15.00 96.29 96.29
28706094 28.5 31.67 18.13 9.065 18 13.50 16 8 19 19 10.18 72.41 72.41
28706099 17 18.89 18 9 7 5.25 6.5 3.25 6 6 3.21 39.60 39.60
28706102 38.5 42.78 19 9.5 14 10.50 16 8 12 12 6.43 77.21 77.21
28706103 44.25 49.17 16.2 8.1 20 15.00 17 8.5 24.75 24.75 13.26 94.03 94.03
28706107 30.5 33.89 16 8 17 12.75 14 7 16.5 16.5 8.84 70.48 70.48
28706112 30.5 33.89 14 7 15.5 11.63 17 8.5 13.5 13.5 7.23 68.25 68.25
28706116 3.75 4.17 12 6 2 1.50 20 10 7 7 3.75 25.42 25.42
28706119 13 14.44 15 7.5 5 3.75 14 7 6 6 3.21 35.91 35.91
28706128 32.5 36.11 15.6 7.8 15 11.25 18 9 29 28 15.00 79.16 79.16
28706133 21 23.33 17 8.5 13 9.75 16 8 8 8 4.29 53.87 53.87
28706137 22.5 25.00 20 10 20 15.00 20 10 23 23 12.32 72.32 72.32
28706138 34 37.78 18 9 19 14.25 18.5 9.25 19.75 19.75 10.58 80.86 80.86
28706150 34.5 38.33 19 9.5 19.5 14.63 16 8 18 18 9.64 80.10 80.10
28706164 24 26.67 Absent 0 Absent 0.00 Absent 0 11.5 11.5 6.16 32.83 32.83
28706166 40 44.44 15.3 7.65 16 12.00 12 6 20 20 10.71 80.81 80.81
Nétudiant Examen / 45 Examen /50 TME / 20 TME /10 TME Solo /20 TME Solo /15 TD / 20 TD / 10 Dst /31 DsT / 28 DsT /15 TOTAL brut Aménagement Note aménagée Note UE
28706173 24.5 27.22 18.25 9.125 16.5 12.38 18 9 9.5 9.5 5.09 62.81 62.81
28706175 18 20.00 11.2 5.6 8.4 6.30 13.3 6.65 11 11 5.89 44.44 44.44
28706178 27.5 30.56 16 8 18 13.50 11 5.5 15 15 8.04 65.59 65.59
28706185 38.5 42.78 19.66 9.83 15 11.25 20 10 27 27 14.46 88.32 88.32
28706197 3 3.33 17 8.5 4.7 3.53 13.75 6.875 5.5 5.5 2.95 25.18 25.18
28706199 18 20.00 20 10 9 6.75 15 7.5 4 4 2.14 46.39 46.39
28706208 10.5 11.67 14 7 4 3.00 11 5.5 2 2 1.07 28.24 28.24
28706212 7.5 8.33 15.4 7.7 6 4.50 15.4 7.7 6 6 3.21 31.45 31.45
28706219 42.5 47.22 20 10 20 15.00 17 8.5 30 28 15.00 95.72 95.72
28706223 18 20.00 15.25 7.625 6.25 4.69 8 4 18.75 18.75 10.04 46.36 46.36
28706228 27 30.00 18 9 13 9.75 18.3 9.15 12.25 12.25 6.56 64.46 64.46
28706231 15 16.67 14 7 10 7.50 10.5 5.25 13 13 6.96 43.38 43.38
28706232 29 32.22 16 8 10.94 8.21 18 9 14 14 7.50 64.93 64.93
28706236 17.5 19.44 20 10 5 3.75 5.75 2.875 6.5 6.5 3.48 39.55 39.55
28706241 20 22.22 Absent 0 Absent 0.00 15 7.5 17 17 9.11 38.83 38.83
28706244 Absent 0.00 0 0 Absent 0.00 Absent 0 Absent 0 0.00 0.00 0.00
28706246 22.5 25.00 17.2 8.6 14 10.50 17.2 8.6 15.5 15.5 8.30 61.00 61.00
28706249 43 47.78 20 10 12 9.00 20 10 28 28 15.00 91.78 91.78
28706252 22.75 25.28 17 8.5 8 6.00 6 3 4 4 2.14 44.92 44.92
28706259 32.5 36.11 14 7 13 9.75 17 8.5 18 18 9.64 71.00 71.00
28706263 Absent 0.00 2 1 Absent 0.00 8 4 Absent 0 0.00 5.00 5.00
28706264 15.5 17.22 20 10 4 3.00 8 4 5 5 2.68 36.90 36.90
28706265 38 42.22 20 10 17 12.75 16 8 27.5 27.5 14.73 87.70 87.70
28706267 31.5 35.00 12.6 6.3 12 9.00 12.3 6.15 11.75 11.75 6.29 62.74 62.74
28706269 Absent 0.00 Absent 0 Absent 0.00 13 6.5 13.5 13.5 7.23 13.73 13.73
28706270 37.5 41.67 17 8.5 19 14.25 9.5 4.75 21 21 11.25 80.42 80.42
28706274 Absent 0.00 6 3 0 0.00 Absent 0 Absent 0 0.00 3.00 3.00
28706286 10 11.11 20 10 6 4.50 19 9.5 4 4 2.14 37.25 37.25
28706289 35 38.89 18 9 8 6.00 15.5 7.75 14 14 7.50 69.14 69.14
28706292 35 38.89 17.7 8.85 15 11.25 18 9 25.5 25.5 13.66 81.65 81.65
28706296 33.25 36.94 Absent 0 18 13.50 18 9 20 20 10.71 70.16 70.16
28706297 42.5 47.22 19 9.5 12 9.00 18 9 27.25 27.25 14.60 89.32 89.32
28706299 13 14.44 10 5 5 3.75 10 5 8 8 4.29 32.48 32.48
28706305 21.5 23.89 11 5.5 0 0.00 2.5 1.25 7.5 7.5 4.02 34.66 34.66
28706306 Absent 0.00 Absent 0 Absent 0.00 Absent 0 Absent 0 0.00 0.00 0.00
28706307 24.5 27.22 14 7 14 10.50 16.5 8.25 11.5 11.5 6.16 59.13 59.13
28706311 Absent 0.00 16 8 Absent 0.00 8 4 0 0 0.00 12.00 12.00
28706322 34.5 38.33 15 7.5 12 9.00 15 7.5 15 15 8.04 70.37 70.37
28706323 32 35.56 20 10 17 12.75 11 5.5 21.5 21.5 11.52 75.32 75.32
28706325 13.5 15.00 18 9 1.3 0.98 11.4 5.7 6.5 6.5 3.48 34.16 34.16
28706331 23 25.56 19.4 9.7 16 12.00 19.4 9.7 22 22 11.79 68.74 68.74
28706334 41.3 45.89 17.2 8.6 18 13.50 18.3 9.15 21 21 11.25 88.39 88.39
28706338 14.5 16.11 18 9 2 1.50 9 4.5 5.5 5.5 2.95 34.06 34.06
28706346 42 46.67 20 10 15 11.25 20 10 28 28 15.00 92.92 92.92
28706348 26.5 29.44 20 10 20 15.00 16 8 23 23 12.32 74.77 74.77
28706353 13 14.44 11.3 5.65 16 12.00 4 2 Absent 0 0.00 34.09 34.09
Nétudiant Examen / 45 Examen /50 TME / 20 TME /10 TME Solo /20 TME Solo /15 TD / 20 TD / 10 Dst /31 DsT / 28 DsT /15 TOTAL brut Aménagement Note aménagée Note UE
28706355 16.75 18.61 17 8.5 13 9.75 Absent 0 3 3 1.61 38.47 38.47
28706365 16.5 18.33 10.8 5.4 13 9.75 10 5 7.5 7.5 4.02 42.50 42.50
28706368 2 2.22 18 9 Absent 0.00 9.5 4.75 Absent 0 0.00 15.97 15.97
28706372 27.5 30.56 19.75 9.875 13.25 9.94 19.75 9.875 12 12 6.43 66.67 66.67
28706373 27 30.00 17 8.5 9 6.75 17 8.5 17 17 9.11 62.86 62.86
28706375 14.5 16.11 18 9 12 9.00 10 5 7 7 3.75 42.86 42.86
28706377 31 34.44 20 10 16 12.00 17 8.5 24.4 24.4 13.07 78.02 78.02
28706396 30.9 34.33 19.25 9.625 14 10.50 19.25 9.625 20.5 20.5 10.98 75.07 75.07
28706397 29.5 32.78 Absent 0 11 8.25 20 10 18 18 9.64 60.67 60.67
28706398 15.5 17.22 20 10 13 9.75 12 6 9 9 4.82 47.79 47.79
28706411 35.75 39.72 18 9 15 11.25 17.5 8.75 23 23 12.32 81.04 81.04
28706415 27.5 30.56 14.8 7.4 16.2 12.15 15.3 7.65 12.75 12.75 6.83 64.59 64.59
28706424 23.5 26.11 14.7 7.35 16 12.00 14 7 14 14 7.50 59.96 59.96
28706429 25.5 28.33 15.7 7.85 5.5 4.13 12.3 6.15 8 8 4.29 50.74 50.74
28706434 26 28.89 18 9 10.31 7.73 19 9.5 13 13 6.96 62.09 62.09
28706440 23.75 26.39 16.38 8.19 17 12.75 17 8.5 14 14 7.50 63.33 63.33
28706446 15.5 17.22 17 8.5 3 2.25 15 7.5 5 5 2.68 38.15 38.15
28706447 3 3.33 14 7 5 3.75 17 8.5 0 0 0.00 22.58 22.58
28706448 32.5 36.11 18 9 8 6.00 10 5 13 13 6.96 63.08 63.08
28706449 31 34.44 20 10 18.5 13.88 16.5 8.25 23 23 12.32 78.89 78.89
28706456 38.5 42.78 15.6 7.8 16 12.00 14 7 27.5 27.5 14.73 84.31 84.31
28706459 25.5 28.33 Absent 0 7 5.25 11.5 5.75 13 13 6.96 46.30 46.30
28706475 27.5 30.56 17 8.5 16 12.00 Absent 0 15.75 15.75 8.44 59.49 59.49
28706479 5 5.56 5 2.5 2 1.50 7.5 3.75 3.5 3.5 1.88 15.18 15.18
28706484 25 27.78 20 10 13.5 10.13 13 6.5 26.1 26.1 13.98 68.38 68.38
28706493 35.5 39.44 19.75 9.875 11.5 8.63 19.75 9.875 21.5 21.5 11.52 79.34 79.34
28706502 34 37.78 18 9 11 8.25 15.5 7.75 25 25 13.39 76.17 76.17
28706508 32 35.56 16 8 14 10.50 20 10 18 18 9.64 73.70 73.70
28706509 0 0.00 Absent 0 Absent 0.00 1 0.5 0 0 0.00 0.50 0.50
28706510 37.5 41.67 14 7 9 6.75 18 9 11.5 11.5 6.16 70.58 70.58
28706513 13.75 15.28 12 6 12 9.00 12.5 6.25 2.5 2.5 1.34 37.87 37.87
28706519 33 36.67 19 9.5 20 15.00 10 5 26 26 13.93 80.10 80.10
28706523 21 23.33 2.8 1.4 8 6.00 2.8 1.4 7 7 3.75 35.88 35.88
28706530 30 33.33 19.75 9.875 13.5 10.13 19.75 9.875 24 24 12.86 76.07 76.07
28706544 4 4.44 10 5 2 1.50 10 5 2 2 1.07 17.02 17.02
28706551 0 0.00 5 2.5 Absent 0.00 0 0 1 1 0.54 3.04 3.04
28706558 Absent 0.00 20 10 16 12.00 15 7.5 3.5 3.5 1.88 31.38 31.38
28706563 27 30.00 15.75 7.875 12 9.00 19 9.5 3 3 1.61 57.98 57.98
28706565 32.5 36.11 Absent 0 Absent 0.00 20 10 28 28 15.00 61.11 61.11
28706577 33.75 37.50 15 7.5 19 14.25 6 3 23 23 12.32 74.57 74.57
28706585 24.75 27.50 20 10 11.5 8.63 10 5 12.5 12.5 6.70 57.82 57.82
28706605 37 41.11 18 9 19 14.25 17.5 8.75 26.5 26.5 14.20 87.31 87.31
28706607 31.5 35.00 16 8 10 7.50 4.5 2.25 15 15 8.04 60.79 60.79
28706611 28.5 31.67 20 10 11.3 8.48 10 5 15.5 15.5 8.30 63.45 63.45
28706636 29.5 32.78 18.5 9.25 14 10.50 5 2.5 13 13 6.96 61.99 61.99
28706651 0.5 0.56 12 6 1 0.75 14 7 3 3 1.61 15.91 15.91
Nétudiant Examen / 45 Examen /50 TME / 20 TME /10 TME Solo /20 TME Solo /15 TD / 20 TD / 10 Dst /31 DsT / 28 DsT /15 TOTAL brut Aménagement Note aménagée Note UE
28706664 32.5 36.11 19 9.5 19 14.25 20 10 25 25 13.39 83.25 83.25
28706665 14 15.56 16 8 4 3.00 13 6.5 14.5 14.5 7.77 40.82 40.82
28706671 33.75 37.50 20 10 12.7 9.53 16.7 8.35 24.5 24.5 13.13 78.50 78.50
28706680 30.5 33.89 14 7 13 9.75 12 6 20 20 10.71 67.35 67.35
28706686 28.5 31.67 16 8 11 8.25 4 2 10.8 10.8 5.79 55.70 55.70
28706696 12 13.33 13.1 6.55 0 0.00 14.8 7.4 7.25 7.25 3.88 31.17 31.17
28706712 12 13.33 18 9 2.5 1.88 10 5 2 2 1.07 30.28 30.28
28706727 35.5 39.44 14 7 14 10.50 14 7 18 18 9.64 73.59 73.59
28706745 44.5 49.44 18.75 9.375 20 15.00 17.5 8.75 29 28 15.00 97.57 97.57
28706759 17 18.89 16.67 8.335 6 4.50 8.5 4.25 6.75 6.75 3.62 39.59 39.59
28706761 Absent 0.00 Absent 0 Absent 0.00 16 8 1 1 0.54 8.54 8.54
28706762 25 27.78 16.75 8.375 19 14.25 17.5 8.75 15.5 15.5 8.30 67.46 67.46
28706765 22.5 25.00 16 8 4 3.00 12.58 6.29 16.25 16.25 8.71 51.00 51.00
28706774 34.5 38.33 16 8 11.5 8.63 17 8.5 12.5 12.5 6.70 70.15 70.15
28706787 9 10.00 15.5 7.75 3.5 2.63 18 9 7 7 3.75 33.13 33.13
28706805 42 46.67 18 9 11 8.25 16 8 18.5 18.5 9.91 81.83 81.83
28706818 10.5 11.67 16 8 2 1.50 11 5.5 6 6 3.21 29.88 29.88
28706827 30.5 33.89 20 10 18 13.50 16.5 8.25 21.8 21.8 11.68 77.32 77.32
28706836 32 35.56 14 7 15 11.25 17 8.5 19 19 10.18 72.48 72.48
28706848 33 36.67 17 8.5 20 15.00 19.5 9.75 30.5 28 15.00 84.92 84.92
28706870 27.5 30.56 19.75 9.875 9.75 7.31 19.75 9.875 18 18 9.64 67.26 67.26
28706879 29.75 33.06 16 8 17 12.75 19 9.5 28 28 15.00 78.31 78.31
28706891 23 25.56 16.67 8.335 14.5 10.88 14 7 10.5 10.5 5.63 57.39 57.39
28706899 Absent 0.00 20 10 17 12.75 19.5 9.75 23.6 23.6 12.64 45.14 45.14
28706902 25.5 28.33 20 10 10 7.50 18 9 9 9 4.82 59.65 59.65
28706906 11 12.22 14.5 7.25 4 3.00 17 8.5 6.5 6.5 3.48 34.45 34.45
28706910 42 46.67 20 10 20 15.00 20 10 21 21 11.25 92.92 92.92
28706911 34 37.78 Absent 0 Absent 0.00 20 10 28 28 15.00 62.78 62.78
28706937 24 26.67 19 9.5 14 10.50 11 5.5 16.5 16.5 8.84 61.01 61.01
28706938 35 38.89 19 9.5 20 15.00 15.5 7.75 26 26 13.93 85.07 85.07
28706941 32 35.56 18 9 20 15.00 10 5 18 18 9.64 74.20 74.20
28706943 31.75 35.28 19 9.5 18 13.50 15 7.5 22 22 11.79 77.56 77.56
28706972 45 50.00 19 9.5 18.7 14.03 19.25 9.625 28.25 28 15.00 98.15 98.15
28706993 27.5 30.56 18 9 13.13 9.85 18 9 15 15 8.04 66.44 66.44
28707002 17 18.89 Absent 0 7.5 5.63 15.34 7.67 10 10 5.36 37.54 37.54
28707004 29.5 32.78 19 9.5 6.7 5.03 11.75 5.875 12.5 12.5 6.70 59.87 59.87
28707018 12 13.33 13 6.5 3 2.25 12.5 6.25 3.5 3.5 1.88 30.21 30.21
28707019 20.5 22.78 20 10 10 7.50 15 7.5 20.5 20.5 10.98 58.76 58.76
28707021 32 35.56 20 10 14.5 10.88 15 7.5 18 18 9.64 73.57 73.57
28707029 24.5 27.22 15.7 7.85 8 6.00 20 10 24 24 12.86 63.93 63.93
28707031 22.5 25.00 20 10 13 9.75 15.5 7.75 14.55 14.55 7.79 60.29 60.29
28707037 Absent 0.00 17.1 8.55 13 9.75 20 10 18.5 18.5 9.91 38.21 38.21
28707042 19.5 21.67 Absent 0 Absent 0.00 20 10 9.5 9.5 5.09 36.76 36.76
28707079 13.5 15.00 14 7 7.5 5.63 18 9 10.5 10.5 5.63 42.25 42.25
28707095 31.5 35.00 9 4.5 13 9.75 14.5 7.25 14.5 14.5 7.77 64.27 64.27
28707100 23.5 26.11 17.75 8.875 17.5 13.13 16 8 8 8 4.29 60.40 60.40
Nétudiant Examen / 45 Examen /50 TME / 20 TME /10 TME Solo /20 TME Solo /15 TD / 20 TD / 10 Dst /31 DsT / 28 DsT /15 TOTAL brut Aménagement Note aménagée Note UE
28707102 28.5 31.67 20 10 16 12.00 3.5 1.75 24 24 12.86 68.27 68.27
28707104 16.1 17.89 10 5 6 4.50 10 5 11 11 5.89 38.28 38.28
28707112 Absent 0.00 7 3.5 1 0.75 8 4 4 4 2.14 10.39 10.39
28707124 21 23.33 18.13 9.065 13 9.75 19 9.5 11.5 11.5 6.16 57.81 57.81
28707161 19.5 21.67 18 9 7.5 5.63 19 9.5 19 19 10.18 55.97 55.97
28707172 27.5 30.56 15.75 7.875 11.25 8.44 15.75 7.875 16 16 8.57 63.31 63.31
28707180 29.7 33.00 13 6.5 14 10.50 17.5 8.75 16.5 16.5 8.84 67.59 67.59
28707190 28 31.11 18 9 16 12.00 11 5.5 25 25 13.39 71.00 71.00
28707195 31 34.44 16 8 16 12.00 16 8 19 19 10.18 72.62 72.62
28707196 25 27.78 17.2 8.6 13 9.75 18 9 16 16 8.57 63.70 63.70
28707201 33 36.67 19 9.5 14.5 10.88 16.5 8.25 18.4 18.4 9.86 75.15 75.15
28707205 21 23.33 19 9.5 9 6.75 14.5 7.25 5 5 2.68 49.51 JURY 50 50
28707210 23.5 26.11 10.5 5.25 13.5 10.13 12 6 14.5 14.5 7.77 55.25 55.25
28707223 24.25 26.94 12 6 12 9.00 16.5 8.25 9 9 4.82 55.02 55.02
28707232 25.5 28.33 Absent 0 12.5 9.38 18.66 9.33 22 22 11.79 58.82 JURY 58.82404762 58.82404762
28707237 25.5 28.33 18 9 15 11.25 15.5 7.75 23.3 23.3 12.48 68.82 68.82
28707238 41.25 45.83 19 9.5 13 9.75 16.5 8.25 24 24 12.86 86.19 86.19
28707241 40.5 45.00 20 10 12.7 9.53 15.7 7.85 21.5 21.5 11.52 83.89 83.89
28707244 35.5 39.44 18 9 15 11.25 18.25 9.125 19.75 19.75 10.58 79.40 79.40
28707247 5 5.56 Absent 0 Absent 0.00 20 10 6 6 3.21 18.77 18.77
28707249 37.75 41.94 18.9 9.45 20 15.00 14.8 7.4 20.5 20.5 10.98 84.78 84.78
28707250 30.5 33.89 18 9 12 9.00 19 9.5 23.85 23.85 12.78 74.17 74.17
28707255 31.5 35.00 18.8 9.4 20 15.00 18.5 9.25 24.75 24.75 13.26 81.91 81.91
28707277 22 24.44 18.4 9.2 15 11.25 18.4 9.2 16.5 16.5 8.84 62.93 62.93
28707286 37 41.11 20 10 20 15.00 15 7.5 30 28 15.00 88.61 88.61
28707323 27.25 30.28 19.25 9.625 7.5 5.63 19.25 9.625 12.5 12.5 6.70 61.85 61.85
28707326 31 34.44 20 10 14.5 10.88 15 7.5 11 11 5.89 68.71 68.71
28707329 24.2 26.89 18 9 8 6.00 7 3.5 8.5 8.5 4.55 49.94 JURY 50 50
28707343 45 50.00 Absent 0 15 11.25 20 10 30.5 28 15.00 86.25 86.25
28707352 43.5 48.33 17.8 8.9 20 15.00 16 8 29.5 28 15.00 95.23 95.23
28707355 2 2.22 Absent 0 0 0.00 12 6 8 8 4.29 12.51 12.51
28707365 39 43.33 20 10 20 15.00 20 10 26 26 13.93 92.26 92.26
28707381 Absent 0.00 5.1 2.55 Absent 0.00 4 2 Absent 0 0.00 4.55 4.55
28707404 28.5 31.67 18.2 9.1 13 9.75 18.2 9.1 23.5 23.5 12.59 72.21 72.21
28707408 22.5 25.00 20 10 Absent 0.00 18.5 9.25 14 14 7.50 51.75 51.75
28707427 32 35.56 20 10 14 10.50 10 5 15.5 15.5 8.30 69.36 69.36
28707435 24.1 26.78 15.6 7.8 9 6.75 15.6 7.8 8 8 4.29 53.41 53.41
28707442 17 18.89 15.4 7.7 2.5 1.88 12 6 7 7 3.75 38.21 38.21
28707457 25 27.78 17 8.5 8 6.00 Absent 0 8 8 4.29 46.56 46.56
28707461 18.5 20.56 18 9 10 7.50 8 4 7.5 7.5 4.02 45.07 45.07
28707466 Absent 0.00 Absent 0 Absent 0.00 Absent 0 Absent 0 0.00 0.00 0.00
28707472 7.5 8.33 18 9 Absent 0.00 12 6 6.8 6.8 3.64 26.98 26.98
28707475 24 26.67 20 10 20 15.00 14.5 7.25 17.4 17.4 9.32 68.24 68.24
28707480 25.5 28.33 20 10 15.5 11.63 15 7.5 18.5 18.5 9.91 67.37 67.37
28707484 27 30.00 16.25 8.125 8 6.00 16.25 8.125 5 5 2.68 54.93 54.93
28707495 39 43.33 17 8.5 13 9.75 17 8.5 17 17 9.11 79.19 79.19
Nétudiant Examen / 45 Examen /50 TME / 20 TME /10 TME Solo /20 TME Solo /15 TD / 20 TD / 10 Dst /31 DsT / 28 DsT /15 TOTAL brut Aménagement Note aménagée Note UE
28707514 12 13.33 16 8 8 6.00 6 3 7 7 3.75 34.08 34.08
28707529 30.25 33.61 18 9 18 13.50 16 8 25 25 13.39 77.50 77.50
28707530 18.5 20.56 18 9 18 13.50 18 9 Absent 0 0.00 52.06 52.06
28707533 28.5 31.67 19 9.5 8.3 6.23 17.7 8.85 10.25 10.25 5.49 61.73 61.73
28707534 Absent 0.00 1.2 0.6 0 0.00 2.5 1.25 Absent 0 0.00 1.85 1.85
28707566 21 23.33 14.9 7.45 5 3.75 6.8 3.4 13 13 6.96 44.90 44.90
28707579 14 15.56 13 6.5 9 6.75 11 5.5 10 10 5.36 39.66 39.66
28707580 42.5 47.22 20 10 20 15.00 20 10 24 24 12.86 95.08 95.08
28707601 19 21.11 16.67 8.335 12.5 9.38 14 7 19.5 19.5 10.45 56.27 56.27
28707606 24.25 26.94 19 9.5 3.3 2.48 12.75 6.375 11 11 5.89 51.19 51.19
28707630 34 37.78 16.75 8.375 12 9.00 7.5 3.75 16 16 8.57 67.47 67.47
28707632 26 28.89 Absent 0 Absent 0.00 Absent 0 Absent 0 0.00 28.89 28.89
28707636 25.5 28.33 12 6 12.5 9.38 18 9 14 14 7.50 60.21 60.21
28707650 21.1 23.44 8 4 7.5 5.63 9 4.5 9.3 9.3 4.98 42.55 42.55
28707674 20.25 22.50 15.1 7.55 9 6.75 12 6 5.75 5.75 3.08 45.88 45.88
28707691 29.25 32.50 Absent 0 Absent 0.00 Absent 0 17.5 17.5 9.38 41.88 41.88
28707697 28.5 31.67 17 8.5 7.5 5.63 17 8.5 16.5 16.5 8.84 63.13 63.13
28707713 45 50.00 20 10 20 15.00 20 10 25 25 13.39 98.39 98.39
28707720 26.5 29.44 19 9.5 12.7 9.53 15.75 7.875 12.75 12.75 6.83 63.17 63.17
28707726 28.5 31.67 15.25 7.625 12 9.00 5 2.5 10.5 10.5 5.63 56.42 56.42
28707732 Absent 0.00 0 0 Absent 0.00 Absent 0 Absent 0 0.00 0.00 0.00
28707756 23 25.56 18 9 16 12.00 16.5 8.25 7.5 7.5 4.02 58.82 58.82
28707761 20.5 22.78 19 9.5 8 6.00 14.4 7.2 12.5 12.5 6.70 52.17 52.17
28707774 30.25 33.61 17 8.5 8 6.00 15.5 7.75 30.5 28 15.00 70.86 70.86
28707795 23 25.56 17 8.5 3.5 2.63 5.6 2.8 7.5 7.5 4.02 43.50 43.50
28707797 19.5 21.67 20 10 14 10.50 11.5 5.75 16.5 16.5 8.84 56.76 56.76
28707798 29.25 32.50 20 10 14 10.50 13 6.5 16.5 16.5 8.84 68.34 68.34
28707825 27 30.00 Absent 0 Absent 0.00 18 9 15 15 8.04 47.04 47.04
28707831 7.5 8.33 2.5 1.25 6 4.50 8 4 2 2 1.07 19.15 19.15
28707876 Absent 0.00 19 9.5 8.7 6.53 17.75 8.875 16.25 16.25 8.71 33.61 33.61
28707879 39 43.33 20 10 14.25 10.69 20 10 25 25 13.39 87.41 87.41
28707889 33 36.67 Absent 0 Absent 0.00 3 1.5 25.5 25.5 13.66 51.83 51.83
28707902 27.25 30.28 20 10 17.5 13.13 17 8.5 19.25 19.25 10.31 72.22 72.22
28707916 25 27.78 20 10 11.3 8.48 15 7.5 15 15 8.04 61.79 61.79
28707917 35 38.89 20 10 20 15.00 20 10 27 27 14.46 88.35 88.35
28707938 32 35.56 19 9.5 10.7 8.03 16.4 8.2 21 21 11.25 72.53 72.53
28707940 23 25.56 18 9 6 4.50 12.5 6.25 9 9 4.82 50.13 50.13
28707941 34.5 38.33 17.88 8.94 19 14.25 18 9 24.5 24.5 13.13 83.65 83.65
28707943 25 27.78 Absent 0 Absent 0.00 17.34 8.67 16.5 16.5 8.84 45.29 45.29
28707949 25 27.78 20 10 12 9.00 11.5 5.75 14.5 14.5 7.77 60.30 60.30
28707962 21.5 23.89 20 10 10 7.50 19 9.5 14 14 7.50 58.39 58.39
28707990 23 25.56 20 10 10 7.50 16.4 8.2 12.95 12.95 6.94 58.19 58.19
28707994 45 50.00 20 10 20 15.00 16.5 8.25 17 17 9.11 92.36 92.36
28708008 5.5 6.11 14.5 7.25 3 2.25 12 6 4 4 2.14 23.75 23.75
28708033 11.5 12.78 18 9 10 7.50 16.6 8.3 3.5 3.5 1.88 39.45 39.45
28708038 36 40.00 18.3 9.15 9 6.75 14.8 7.4 14.5 14.5 7.77 71.07 71.07
Nétudiant Examen / 45 Examen /50 TME / 20 TME /10 TME Solo /20 TME Solo /15 TD / 20 TD / 10 Dst /31 DsT / 28 DsT /15 TOTAL brut Aménagement Note aménagée Note UE
28708044 15 16.67 19 9.5 18 13.50 17.5 8.75 10.5 10.5 5.63 54.04 54.04
28708047 2.5 2.78 20 10 5 3.75 12 6 1 1 0.54 23.06 23.06
28708057 35.5 39.44 18.6 9.3 16.5 12.38 13 6.5 24.75 24.75 13.26 80.88 80.88
28708060 21 23.33 20 10 6 4.50 16 8 6.25 6.25 3.35 49.18 JURY 50 50
28708064 32 35.56 19 9.5 20 15.00 10 5 15 15 8.04 73.09 73.09
28708067 30 33.33 Absent 0 Absent 0.00 9 4.5 22 22 11.79 49.62 JURY 50 50
28708073 19.5 21.67 Absent 0 Absent 0.00 20 10 13 13 6.96 38.63 38.63
28708078 39 43.33 19.8 9.9 20 15.00 19.8 9.9 24.5 24.5 13.13 91.26 91.26
28708098 1.5 1.67 11.1 5.55 9 6.75 6 3 6 6 3.21 20.18 20.18
28708130 5.5 6.11 16 8 6 4.50 16 8 4 4 2.14 28.75 28.75
28708139 4.5 5.00 14 7 7.5 5.63 9 4.5 3.5 3.5 1.88 24.00 24.00
28708144 29 32.22 17.1 8.55 14 10.50 15.5 7.75 23.5 23.5 12.59 71.61 71.61
28708155 14 15.56 5.4 2.7 1.8 1.35 6.8 3.4 3 3 1.61 24.61 24.61
28708160 26.5 29.44 20 10 13 9.75 13.75 6.875 20.5 20.5 10.98 67.05 67.05
28708174 25 27.78 20 10 6 4.50 10 5 11 11 5.89 53.17 53.17
28708175 38 42.22 16 8 19 14.25 5 2.5 25.75 25.75 13.79 80.77 80.77
28708199 2 2.22 11 5.5 0.5 0.38 10 5 4 4 2.14 15.24 15.24
28708212 35.7 39.67 20 10 15 11.25 13 6.5 18.75 18.75 10.04 77.46 77.46
28708227 29 32.22 16 8 12 9.00 11 5.5 15 15 8.04 62.76 62.76
28708232 33 36.67 Absent 0 Absent 0.00 19 9.5 20 20 10.71 56.88 56.88
28708239 Absent 0.00 Absent 0 Absent 0.00 8 4 Absent 0 0.00 4.00 4.00
28708246 40 44.44 19.75 9.875 20 15.00 17.5 8.75 24 24 12.86 90.93 90.93
28708251 1 1.11 13 6.5 5 3.75 17 8.5 1 1 0.54 20.40 20.40
28708256 Absent 0.00 Absent 0 Absent 0.00 4 2 Absent 0 0.00 2.00 2.00
28708266 30.5 33.89 15.13 7.565 17.5 13.13 14 7 17.5 17.5 9.38 70.95 70.95
28708274 25.75 28.61 19.66 9.83 16.5 12.38 5 2.5 5 5 2.68 55.99 55.99
28708281 31 34.44 18.75 9.375 15.5 11.63 18.75 9.375 23 23 12.32 77.14 77.14
28708297 3 3.33 14 7 4 3.00 5.5 2.75 4.5 4.5 2.41 18.49 18.49
28708301 14.4 16.00 12.9 6.45 4 3.00 12 6 14 14 7.50 38.95 38.95
28708312 34 37.78 20 10 13 9.75 12 6 15 15 8.04 71.56 71.56
28708313 34.5 38.33 19.25 9.625 20 15.00 17.5 8.75 25.5 25.5 13.66 85.37 85.37
28708315 3.75 4.17 11.6 5.8 Absent 0.00 12 6 3.5 3.5 1.88 17.84 17.84
28708342 6 6.67 Absent 0 Absent 0.00 20 10 7 7 3.75 20.42 20.42
28708346 31.5 35.00 16 8 9 6.75 20 10 21 21 11.25 71.00 71.00
28708348 16.5 18.33 12 6 13 9.75 12 6 14 14 7.50 47.58 47.58
28708357 Absent 0.00 Absent 0 Absent 0.00 0 0 Absent 0 0.00 0.00 0.00
28708363 24.75 27.50 15 7.5 7 5.25 9.5 4.75 20 20 10.71 55.71 55.71
28708367 32 35.56 18 9 3 2.25 15 7.5 21 21 11.25 65.56 65.56
28708392 3 3.33 10 5 0 0.00 4 2 Absent 0 0.00 10.33 10.33
28708397 32 35.56 20 10 19 14.25 15 7.5 20 20 10.71 78.02 78.02
28708406 21.5 23.89 18 9 7 5.25 18.5 9.25 14 14 7.50 54.89 54.89
28708421 17.1 19.00 17 8.5 9 6.75 7 3.5 4 4 2.14 39.89 39.89
28708456 26.5 29.44 20 10 12 9.00 19 9.5 21 21 11.25 69.19 69.19
28708458 41 45.56 16 8 6 4.50 17.5 8.75 23.75 23.75 12.72 79.53 79.53
28708469 27 30.00 20 10 19 14.25 17 8.5 15.75 15.75 8.44 71.19 71.19
28708485 28 31.11 17 8.5 12.5 9.38 14.5 7.25 15.05 15.05 8.06 64.30 64.30
Nétudiant Examen / 45 Examen /50 TME / 20 TME /10 TME Solo /20 TME Solo /15 TD / 20 TD / 10 Dst /31 DsT / 28 DsT /15 TOTAL brut Aménagement Note aménagée Note UE
28708487 24 26.67 17 8.5 13 9.75 Absent 0 16.25 16.25 8.71 53.62 53.62
28708507 33.5 37.22 13 6.5 18 13.50 17 8.5 21 21 11.25 76.97 76.97
28708516 43.75 48.61 20 10 20 15.00 14.5 7.25 21.5 21.5 11.52 92.38 92.38
28708518 Absent 0.00 18 9 5 3.75 10 5 Absent 0 0.00 17.75 17.75
28708529 28 31.11 19 9.5 15.5 11.63 8 4 6.5 6.5 3.48 59.72 59.72
28708539 13.5 15.00 6.2 3.1 10.8 8.10 12 6 13.5 13.5 7.23 39.43 39.43
28708542 20 22.22 14 7 12 9.00 18 9 10 10 5.36 52.58 52.58
28708550 6 6.67 7.5 3.75 13 9.75 13.5 6.75 0 0 0.00 26.92 26.92
28708566 Absent 0.00 8 4 5 3.75 2.67 1.335 Absent 0 0.00 9.09 9.09
28708570 29 32.22 16 8 20 15.00 18 9 23 23 12.32 76.54 76.54
28708579 28 31.11 17.13 8.565 17 12.75 17 8.5 10 10 5.36 66.28 66.28
28708583 24 26.67 14 7 14 10.50 13 6.5 21 21 11.25 61.92 61.92
28708589 31.5 35.00 20 10 12 9.00 20 10 20 20 10.71 74.71 74.71
28708592 40 44.44 18.75 9.375 20 15.00 17.5 8.75 16 16 8.57 86.14 86.14
28708608 Absent 0.00 Absent 0 Absent 0.00 3 1.5 0 0 0.00 1.50 1.50
28708611 28.5 31.67 Absent 0 Absent 0.00 Absent 0 16.5 16.5 8.84 40.51 40.51
28708614 25.5 28.33 19 9.5 16 12.00 18 9 19 19 10.18 69.01 69.01
28708616 27.5 30.56 20 10 19 14.25 17 8.5 24 24 12.86 76.16 76.16
28708632 15 16.67 20 10 16 12.00 12.5 6.25 13 13 6.96 51.88 51.88
28708645 24.5 27.22 Absent 0 11 8.25 18.66 9.33 19 19 10.18 54.98 54.98
28708680 25.5 28.33 14.33 7.165 8 6.00 15 7.5 15 15 8.04 57.03 57.03
28708700 28 31.11 19 9.5 6.3 4.73 12.7 6.35 13.25 13.25 7.10 58.78 58.78
28708702 31 34.44 20 10 16 12.00 20 10 22 22 11.79 78.23 78.23
28708721 25.75 28.61 16 8 12 9.00 10.5 5.25 17 17 9.11 59.97 59.97
28708753 24 26.67 16 8 10 7.50 10 5 14 14 7.50 54.67 54.67
28708758 42.75 47.50 15 7.5 16 12.00 19 9.5 29 28 15.00 91.50 91.50
28708764 17.1 19.00 11.7 5.85 6 4.50 9 4.5 4 4 2.14 35.99 35.99
28708831 25.5 28.33 14 7 19 14.25 18.8 9.4 11.75 11.75 6.29 65.28 65.28
28708837 18.25 20.28 16 8 7 5.25 12.5 6.25 18 18 9.64 49.42 JURY 50 50
28708843 9.5 10.56 15 7.5 6 4.50 12 6 Absent 0 0.00 28.56 28.56
28708856 28.5 31.67 20 10 Absent 0.00 16 8 12.25 12.25 6.56 56.23 56.23
28708857 23.5 26.11 15.4 7.7 10 7.50 11.5 5.75 14.75 14.75 7.90 54.96 54.96
28708861 28.5 31.67 15.25 7.625 9 6.75 15 7.5 13.5 13.5 7.23 60.77 60.77
28708877 0 0.00 11 5.5 0 0.00 6 3 0.5 0.5 0.27 8.77 8.77
28708882 3.5 3.89 12 6 10 7.50 16 8 6.5 6.5 3.48 28.87 28.87
28708921 15 16.67 15 7.5 15 11.25 6.5 3.25 5.5 5.5 2.95 41.61 41.61
28708934 Absent 0.00 19.2 9.6 11 8.25 19.2 9.6 10.5 10.5 5.63 33.08 33.08
28708938 44.5 49.44 20 10 20 15.00 20 10 30 28 15.00 99.44 99.44
28708948 3 3.33 6.5 3.25 8 6.00 12 6 15 15 8.04 26.62 26.62
28708963 25.5 28.33 20 10 15.5 11.63 17 8.5 16.5 16.5 8.84 67.30 67.30
28708977 31.5 35.00 20 10 13 9.75 13 6.5 20.75 20.75 11.12 72.37 72.37
28708988 20.75 23.06 13 6.5 8.5 6.38 18 9 15.5 15.5 8.30 53.23 53.23
28709006 13 14.44 12.9 6.45 8 6.00 16 8 11.5 11.5 6.16 41.06 41.06
28709020 28.5 31.67 18 9 8.7 6.53 15.75 7.875 20.25 20.25 10.85 65.91 65.91
28709053 32.5 36.11 17 8.5 11 8.25 13.5 6.75 21 21 11.25 70.86 70.86
28709071 29 32.22 12.6 6.3 6.6 4.95 13.8 6.9 10.5 10.5 5.63 56.00 56.00
Nétudiant Examen / 45 Examen /50 TME / 20 TME /10 TME Solo /20 TME Solo /15 TD / 20 TD / 10 Dst /31 DsT / 28 DsT /15 TOTAL brut Aménagement Note aménagée Note UE
28709077 34.75 38.61 19 9.5 10 7.50 15 7.5 18.75 18.75 10.04 73.16 73.16
28709096 Absent 0.00 16 8 Absent 0.00 14 7 8 8 4.29 19.29 19.29
28709131 40 44.44 20 10 20 15.00 20 10 24.5 24.5 13.13 92.57 92.57
28709159 13.5 15.00 20 10 Absent 0.00 6 3 Absent 0 0.00 28.00 28.00
28709168 21.5 23.89 15.2 7.6 10 7.50 15.2 7.6 11 11 5.89 52.48 52.48
28709172 41.75 46.39 20 10 18 13.50 20 10 24.5 24.5 13.13 93.01 93.01
28709174 34 37.78 20 10 16 12.00 17.5 8.75 21 21 11.25 79.78 79.78
28709199 36 40.00 20 10 9 6.75 15.5 7.75 21 21 11.25 75.75 75.75
28709227 31.5 35.00 18 9 19 14.25 20 10 19 19 10.18 78.43 78.43
28709251 14.5 16.11 17 8.5 Absent 0.00 10 5 10 10 5.36 34.97 34.97
28709277 12 13.33 Absent 0 Absent 0.00 10.5 5.25 8.5 8.5 4.55 23.14 23.14
28709278 30.5 33.89 19 9.5 19 14.25 14 7 13 13 6.96 71.60 71.60
28709321 3 3.33 16 8 2 1.50 3.5 1.75 2 2 1.07 15.65 15.65
28709322 8 8.89 17.8 8.9 8 6.00 17.8 8.9 7 7 3.75 36.44 36.44
28709327 17 18.89 12 6 8 6.00 9 4.5 8.5 8.5 4.55 39.94 39.94
28709350 Absent 0.00 17 8.5 Absent 0.00 12 6 23 23 12.32 26.82 26.82
28709368 36.5 40.56 18.38 9.19 12 9.00 17 8.5 11 11 5.89 73.14 73.14
28709369 6 6.67 3 1.5 2 1.50 8 4 1 1 0.54 14.20 14.20
28709376 42.5 47.22 16 8 12 9.00 14.5 7.25 31 28 15.00 86.47 86.47
28709390 22.5 25.00 14.9 7.45 4 3.00 14 7 18 18 9.64 52.09 52.09
28709409 26.8 29.78 17 8.5 16 12.00 17 8.5 15 15 8.04 66.81 66.81
28709428 30 33.33 Absent 0 Absent 0.00 12 6 9 9 4.82 44.15 44.15
28709433 Absent 0.00 8 4 Absent 0.00 2 1 Absent 0 0.00 5.00 5.00
28709441 7 7.78 10 5 4 3.00 15 7.5 0 0 0.00 23.28 23.28
28709442 21.5 23.89 10 5 8 6.00 10 5 11 11 5.89 45.78 45.78
28709446 Absent 0.00 Absent 0 Absent 0.00 Absent 0 Absent 0 0.00 0.00 0.00
28709454 25 27.78 18 9 18 13.50 7 3.5 12.7 12.7 6.80 60.58 60.58
28709477 31 34.44 16 8 9 6.75 15 7.5 22 22 11.79 68.48 68.48
28709488 27 30.00 13 6.5 12 9.00 13 6.5 12 12 6.43 58.43 58.43
28709505 44 48.89 20 10 18 13.50 20 10 25.25 25.25 13.53 95.92 95.92
28709516 34 37.78 20 10 20 15.00 16.5 8.25 31 28 15.00 86.03 86.03
28709531 30.5 33.89 19 9.5 20 15.00 20 10 24 24 12.86 81.25 81.25
28709533 30 33.33 16 8 17 12.75 18 9 23 23 12.32 75.40 75.40
28709534 39 43.33 15 7.5 15 11.25 19.8 9.9 23.25 23.25 12.46 84.44 84.44
28709566 22.5 25.00 18 9 13.5 10.13 10 5 7 7 3.75 52.88 52.88
28709582 Absent 0.00 14 7 5 3.75 15 7.5 5.75 5.75 3.08 21.33 21.33
28709594 33 36.67 18 9 10 7.50 16 8 11.5 11.5 6.16 67.33 67.33
28709630 23.5 26.11 14 7 13 9.75 17 8.5 8 8 4.29 55.65 55.65
28709663 24.75 27.50 16 8 6 4.50 6 3 9 9 4.82 47.82 47.82
28709666 7.5 8.33 Absent 0 1 0.75 18 9 4.5 4.5 2.41 20.49 20.49
28709689 25.5 28.33 19 9.5 20 15.00 20 10 13 13 6.96 69.80 69.80
28709708 Absent 0.00 Absent 0 Absent 0.00 Absent 0 Absent 0 0.00 0.00 0.00
28709733 28 31.11 15.7 7.85 12 9.00 18 9 25 25 13.39 70.35 70.35
28709761 41 45.56 18 9 19 14.25 12.5 6.25 27.5 27.5 14.73 89.79 89.79
28709779 Absent 0.00 18.75 9.375 Absent 0.00 10 5 11 11 5.89 20.27 20.27
28709837 23.75 26.39 18 9 8 6.00 5 2.5 9 9 4.82 48.71 48.71
Nétudiant Examen / 45 Examen /50 TME / 20 TME /10 TME Solo /20 TME Solo /15 TD / 20 TD / 10 Dst /31 DsT / 28 DsT /15 TOTAL brut Aménagement Note aménagée Note UE
28709847 7 7.78 4.5 2.25 6 4.50 7.5 3.75 4 4 2.14 20.42 20.42
28709867 24.5 27.22 18.5 9.25 18 13.50 16 8 8.5 8.5 4.55 62.53 62.53
28709874 36.75 40.83 18.6 9.3 17 12.75 19.5 9.75 29 28 15.00 87.63 87.63
28709878 Absent 0.00 20 10 16 12.00 19.4 9.7 23.75 23.75 12.72 44.42 44.42
28709888 20 22.22 20 10 5 3.75 18 9 2 2 1.07 46.04 46.04
28709893 20.5 22.78 20 10 10.5 7.88 15 7.5 13 13 6.96 55.12 55.12
28709905 30.5 33.89 17 8.5 15 11.25 16 8 24 24 12.86 74.50 74.50
28709949 32 35.56 17 8.5 17 12.75 12 6 17 17 9.11 71.91 71.91
28710036 26.5 29.44 18 9 13 9.75 12.5 6.25 23.5 23.5 12.59 67.03 67.03
28710041 21.5 23.89 13.1 6.55 5.5 4.13 14 7 10.25 10.25 5.49 47.05 47.05
28710051 1.5 1.67 8 4 2 1.50 4 2 3 3 1.61 10.77 10.77
28710065 14.5 16.11 17 8.5 15 11.25 16 8 17 17 9.11 52.97 52.97
28710067 32 35.56 18 9 20 15.00 19.5 9.75 24.5 24.5 13.13 82.43 82.43
28710079 0.5 0.56 10.5 5.25 5.5 4.13 14 7 11.5 11.5 6.16 23.09 23.09
28710097 36.1 40.11 20 10 13 9.75 15.25 7.625 18.5 18.5 9.91 77.40 77.40
28710100 32 35.56 20 10 20 15.00 10 5 17 17 9.11 74.66 74.66
28710114 20 22.22 15.5 7.75 10 7.50 12.5 6.25 12.5 12.5 6.70 50.42 50.42
28710162 1 1.11 20 10 0 0.00 10 5 1.5 1.5 0.80 16.91 16.91
28710174 6 6.67 12 6 3 2.25 8 4 5.5 5.5 2.95 21.86 21.86
28710179 24.5 27.22 13.8 6.9 15 11.25 8 4 23 23 12.32 61.69 61.69
28710183 35.75 39.72 17.5 8.75 14 10.50 19.5 9.75 8 8 4.29 73.01 73.01
28710199 10.8 12.00 17 8.5 18 13.50 20 10 7.5 7.5 4.02 48.02 48.02
28710209 41.8 46.44 20 10 18.75 14.06 14.5 7.25 19.1 19.1 10.23 87.99 87.99
28710216 Absent 0.00 20 10 20 15.00 10 5 20.5 20.5 10.98 40.98 40.98
28710225 39 43.33 20 10 18 13.50 10 5 30.5 28 15.00 86.83 86.83
28710226 27.3 30.33 11.6 5.8 13 9.75 14 7 19 19 10.18 63.06 63.06
28710261 Absent 0.00 17.13 8.565 11.5 8.63 16 8 0 0 0.00 25.19 25.19
28710263 33.5 37.22 Absent 0 Absent 0.00 15 7.5 12.5 12.5 6.70 51.42 51.42
28710273 44.25 49.17 18 9 19 14.25 16.5 8.25 25.5 25.5 13.66 94.33 94.33
28710344 36 40.00 20 10 20 15.00 17 8.5 22 22 11.79 85.29 85.29
28710355 1 1.11 13 6.5 0.5 0.38 9.5 4.75 4 4 2.14 14.88 14.88
28710377 26.5 29.44 20 10 12 9.00 16.8 8.4 21.7 21.7 11.63 68.47 68.47
28710401 30 33.33 20 10 20 15.00 15 7.5 19 19 10.18 76.01 76.01
28710424 19.25 21.39 20 10 16 12.00 18 9 10 10 5.36 57.75 57.75
28710430 Absent 0.00 Absent 0 Absent 0.00 0 0 0 0 0.00 0.00 0.00
28710479 7 7.78 10 5 8 6.00 Absent 0 1 1 0.54 19.31 19.31
28710482 40 44.44 20 10 20 15.00 18 9 23.75 23.75 12.72 91.17 91.17
28710524 21 23.33 12 6 14 10.50 12 6 5 5 2.68 48.51 48.51
28710554 15 16.67 18 9 10.5 7.88 9 4.5 9.5 9.5 5.09 43.13 43.13
28710560 45 50.00 20 10 20 15.00 20 10 30.5 28 15.00 100.00 100.00
28710602 17.75 19.72 16 8 6.5 4.88 7.5 3.75 11 11 5.89 42.24 42.24
28710621 37 41.11 17 8.5 16 12.00 19 9.5 24 24 12.86 83.97 83.97
28710632 33.6 37.33 16.75 8.375 11 8.25 16.75 8.375 18 18 9.64 71.98 71.98
28710634 1 1.11 9.5 4.75 1 0.75 10 5 3 3 1.61 13.22 13.22
28710646 8 8.89 12 6 8 6.00 10 5 8 8 4.29 30.17 30.17
28710661 12 13.33 14 7 9 6.75 16 8 5.5 5.5 2.95 38.03 38.03
Nétudiant Examen / 45 Examen /50 TME / 20 TME /10 TME Solo /20 TME Solo /15 TD / 20 TD / 10 Dst /31 DsT / 28 DsT /15 TOTAL brut Aménagement Note aménagée Note UE
28710673 23.5 26.11 19 9.5 Absent 0.00 7.25 3.625 Absent 0 0.00 39.24 39.24
28710682 20 22.22 11 5.5 5 3.75 12 6 8.5 8.5 4.55 42.03 42.03
28710689 11 12.22 17.2 8.6 11 8.25 17.2 8.6 5.5 5.5 2.95 40.62 40.62
28710703 36.5 40.56 18 9 13 9.75 20 10 24.5 24.5 13.13 82.43 82.43
28710723 6 6.67 8.75 4.375 3 2.25 19 9.5 7.5 7.5 4.02 26.81 26.81
28710731 0 0.00 10 5 0 0.00 10 5 0 0 0.00 10.00 10.00
28710752 18.5 20.56 12 6 6 4.50 4 2 10 10 5.36 38.41 38.41
28710763 33.5 37.22 20 10 18.5 13.88 15 7.5 25.8 25.8 13.82 82.42 82.42
28710780 33.5 37.22 14 7 15 11.25 18 9 22.5 22.5 12.05 76.53 76.53
28710792 20 22.22 15.75 7.875 7 5.25 12 6 9 9 4.82 46.17 46.17
28710804 Absent 0.00 Absent 0 Absent 0.00 Absent 0 Absent 0 0.00 0.00 0.00
28710825 38.9 43.22 Absent 0 Absent 0.00 19 9.5 22 22 11.79 64.51 64.51
28710826 32.5 36.11 18 9 12 9.00 16 8 3 3 1.61 63.72 63.72
28710842 18 20.00 18.8 9.4 10 7.50 18.8 9.4 6.5 6.5 3.48 49.78 JURY 50 50
28710882 20 22.22 16.2 8.1 Absent 0.00 16.2 8.1 10.5 10.5 5.63 44.05 44.05
28710895 43 47.78 20 10 15 11.25 20 10 31 28 15.00 94.03 94.03
28710964 29.5 32.78 15.4 7.7 11 8.25 18 9 21.5 21.5 11.52 69.25 69.25
28710986 Absent 0.00 Absent 0 Absent 0.00 Absent 0 Absent 0 0.00 0.00 0.00
28711016 1 1.11 20 10 4 3.00 6 3 7.5 7.5 4.02 21.13 21.13
28711045 11.5 12.78 14 7 6 4.50 17 8.5 5.5 5.5 2.95 35.72 35.72
28711086 Absent 0.00 Absent 0 Absent 0.00 Absent 0 Absent 0 0.00 0.00 0.00
28711094 12 13.33 10 5 6 4.50 10.5 5.25 Absent 0 0.00 28.08 28.08
28711108 6.5 7.22 14 7 0.63 0.47 12 6 2 2 1.07 21.77 21.77
28711110 28.5 31.67 18.5 9.25 12 9.00 18.5 9.25 19 19 10.18 69.35 69.35
28711123 28.5 31.67 15 7.5 8 6.00 10.5 5.25 23 23 12.32 62.74 62.74
28711127 27.5 30.56 20 10 18 13.50 16.5 8.25 14 14 7.50 69.81 69.81
28711128 24 26.67 18.8 9.4 9 6.75 16 8 8 8 4.29 55.10 55.10
28711288 26 28.89 15 7.5 13 9.75 20 10 17 17 9.11 65.25 65.25
28711289 40.5 45.00 Absent 0 18 13.50 19 9.5 30 28 15.00 83.00 83.00
28711299 23.5 26.11 20 10 17.5 13.13 16 8 20 20 10.71 67.95 67.95
28711308 Absent 0.00 10 5 Absent 0.00 16.5 8.25 9 9 4.82 18.07 18.07
28711350 45 50.00 20 10 16 12.00 19.5 9.75 Absent 0 0.00 81.75 81.75
28711361 19 21.11 11.5 5.75 6 4.50 0 0 7.25 7.25 3.88 35.25 35.25
28711383 Absent 0.00 Absent 0 Absent 0.00 Absent 0 Absent 0 0.00 0.00 0.00
28711391 29 32.22 20 10 5.5 4.13 11.25 5.625 15 15 8.04 60.01 60.01
28711393 Absent 0.00 19 9.5 17 12.75 20 10 18 18 9.64 41.89 41.89
28711409 26.5 29.44 14.25 7.125 6.5 4.88 14.25 7.125 Absent 0 0.00 48.57 48.57
28711412 25 27.78 16.2 8.1 6.6 4.95 18.3 9.15 11 11 5.89 55.87 55.87
28711416 24.5 27.22 14 7 7 5.25 14 7 12.75 12.75 6.83 53.30 53.30
28711417 7 7.78 20 10 2 1.50 5 2.5 0.5 0.5 0.27 22.05 22.05
28711418 15.5 17.22 16 8 6.5 4.88 12 6 6 6 3.21 39.31 39.31
28711426 29 32.22 18 9 17 12.75 16 8 Absent 0 0.00 61.97 61.97
28711436 17 18.89 19 9.5 Absent 0.00 8 4 1 1 0.54 32.92 32.92
28711438 20.5 22.78 20 10 15 11.25 19 9.5 22 22 11.79 65.31 65.31
28711446 5.5 6.11 16 8 2 1.50 14.5 7.25 0.5 0.5 0.27 23.13 23.13
28711449 31 34.44 18 9 17 12.75 7 3.5 22 22 11.79 71.48 71.48
Nétudiant Examen / 45 Examen /50 TME / 20 TME /10 TME Solo /20 TME Solo /15 TD / 20 TD / 10 Dst /31 DsT / 28 DsT /15 TOTAL brut Aménagement Note aménagée Note UE
28711472 18.5 20.56 16.25 8.125 11 8.25 12.5 6.25 22 22 11.79 54.97 54.97
28711483 Absent 0.00 4 2 Absent 0.00 2.63 1.315 Absent 0 0.00 3.32 3.32
28711486 19.2 21.33 20 10 13 9.75 14.5 7.25 13 13 6.96 55.30 55.30
28711488 30.75 34.17 17 8.5 16 12.00 16.5 8.25 18.55 18.55 9.94 72.85 72.85
28711501 24 26.67 14.75 7.375 7 5.25 19.5 9.75 8.5 8.5 4.55 53.60 53.60
28711505 42.25 46.94 20 10 19 14.25 19 9.5 30 28 15.00 95.69 95.69
28711515 21.5 23.89 17 8.5 10 7.50 11.5 5.75 16 16 8.57 54.21 54.21
28711522 Absent 0.00 14 7 6.5 4.88 17 8.5 Absent 0 0.00 20.38 20.38
28711523 25.1 27.89 15 7.5 14 10.50 20 10 4 4 2.14 58.03 58.03
28711545 35.5 39.44 Absent 0 Absent 0.00 15 7.5 14 14 7.50 54.44 54.44
28711565 34.5 38.33 20 10 18.5 13.88 18 9 16.5 16.5 8.84 80.05 80.05
28711566 31 34.44 18 9 10 7.50 18 9 17.25 17.25 9.24 69.19 69.19
28711586 1 1.11 7 3.5 0 0.00 5.67 2.835 Absent 0 0.00 7.45 7.45
28711605 12 13.33 17 8.5 4 3.00 6.9 3.45 3 3 1.61 29.89 29.89
28711608 23 25.56 Absent 0 8 6.00 18.66 9.33 14 14 7.50 48.39 48.39
28711624 12.5 13.89 10 5 4 3.00 10 5 7 7 3.75 30.64 30.64
28711626 36.25 40.28 20 10 8 6.00 15.2 7.6 20.5 20.5 10.98 74.86 74.86
28711641 26.5 29.44 6.5 3.25 10 7.50 17.5 8.75 6 6 3.21 52.16 52.16
28711645 Absent 0.00 Absent 0 Absent 0.00 14 7 5 5 2.68 9.68 9.68
28711646 8 8.89 0 0 2 1.50 Absent 0 Absent 0 0.00 10.39 10.39
28711664 38.5 42.78 19 9.5 10.67 8.00 17.2 8.6 25 25 13.39 82.27 82.27
28711694 23.5 26.11 15 7.5 12 9.00 16.5 8.25 18.5 18.5 9.91 60.77 60.77
28711700 Absent 0.00 10 5 20 15.00 Absent 0 15 15 8.04 28.04 28.04
28711701 25.5 28.33 20 10 20 15.00 15 7.5 18.5 18.5 9.91 70.74 70.74
28711702 35 38.89 18 9 12 9.00 12 6 14 14 7.50 70.39 70.39
28711707 13 14.44 10 5 4.2 3.15 11.3 5.65 5.75 5.75 3.08 31.32 31.32
28711710 19.5 21.67 20 10 6.5 4.88 Absent 0 Absent 0 0.00 36.54 36.54
28711733 30.25 33.61 17.5 8.75 13 9.75 17 8.5 12 12 6.43 67.04 67.04
28711736 Absent 0.00 0 0 7 5.25 6 3 6 6 3.21 11.46 11.46
28711743 14.5 16.11 16 8 2.5 1.88 15 7.5 10 10 5.36 38.84 38.84
28711745 28 31.11 Absent 0 Absent 0.00 Absent 0 21.5 21.5 11.52 42.63 42.63
28711756 21 23.33 13.6 6.8 10 7.50 16 8 15 15 8.04 53.67 53.67
28711758 24 26.67 19 9.5 10 7.50 19 9.5 18 18 9.64 62.81 62.81
28711772 31 34.44 18 9 16.2 12.15 17.3 8.65 20.25 20.25 10.85 75.09 75.09
28711786 Absent 0.00 16 8 Absent 0.00 14.8 7.4 Absent 0 0.00 15.40 15.40
28711793 8.5 9.44 17 8.5 7 5.25 15 7.5 3 3 1.61 32.30 32.30
28711799 Absent 0.00 Absent 0 Absent 0.00 Absent 0 Absent 0 0.00 0.00 0.00
28711802 0.5 0.56 15 7.5 1.5 1.13 12.6 6.3 0.5 0.5 0.27 15.75 15.75
28711811 23 25.56 19 9.5 16 12.00 7 3.5 16 16 8.57 59.13 59.13
28711821 5 5.56 13.6 6.8 3.6 2.70 9 4.5 9.5 9.5 5.09 24.64 24.64
28711823 20 22.22 14 7 4 3.00 12 6 6 6 3.21 41.44 41.44
28711824 Absent 0.00 8 4 Absent 0.00 2 1 1 1 0.54 5.54 5.54
28711827 19.5 21.67 4.25 2.125 8 6.00 10 5 10 10 5.36 40.15 40.15
28711860 18 20.00 18 9 Absent 0.00 14 7 11 11 5.89 41.89 41.89
28711895 Absent 0.00 16.5 8.25 Absent 0.00 8.83 4.415 Absent 0 0.00 12.67 12.67
28711923 30.5 33.89 15 7.5 8 6.00 17.8 8.9 12 12 6.43 62.72 62.72
Nétudiant Examen / 45 Examen /50 TME / 20 TME /10 TME Solo /20 TME Solo /15 TD / 20 TD / 10 Dst /31 DsT / 28 DsT /15 TOTAL brut Aménagement Note aménagée Note UE
28711928 26.5 29.44 Absent 0 Absent 0.00 20 10 23 23 12.32 51.77 51.77
28711936 22 24.44 19 9.5 14 10.50 20 10 25 25 13.39 67.84 67.84
28711951 Absent 0.00 12.4 6.2 Absent 0.00 12 6 17 17 9.11 21.31 21.31
28711955 11.9 13.22 17 8.5 5.5 4.13 12 6 6 6 3.21 35.06 35.06
28711958 33 36.67 20 10 17.75 13.31 16 8 25.5 25.5 13.66 81.64 81.64
28711972 40 44.44 20 10 18 13.50 12.5 6.25 22 22 11.79 85.98 85.98
28711974 45 50.00 20 10 20 15.00 20 10 22 22 11.79 96.79 96.79
28711977 Absent 0.00 4 2 Absent 0.00 Absent 0 Absent 0 0.00 2.00 2.00
28711985 18 20.00 16 8 3.5 2.63 13 6.5 11 11 5.89 43.02 43.02
28712006 39.4 43.78 Absent 0 Absent 0.00 18 9 21.5 21.5 11.52 64.30 64.30
28712009 10 11.11 Absent 0 Absent 0.00 Absent 0 2.5 2.5 1.34 12.45 12.45
28712027 Absent 0.00 Absent 0 Absent 0.00 Absent 0 Absent 0 0.00 0.00 0.00
28712048 35 38.89 Absent 0 8.5 6.38 20 10 25.5 25.5 13.66 68.92 68.92
28712054 28 31.11 19 9.5 17.5 13.13 15.5 7.75 17.75 17.75 9.51 71.00 71.00
28712073 25 27.78 12 6 8 6.00 10 5 2.5 2.5 1.34 46.12 46.12
28712085 26.5 29.44 20 10 18.5 13.88 16 8 15.6 15.6 8.36 69.68 69.68
28712088 25 27.78 20 10 14 10.50 14 7 21.25 21.25 11.38 66.66 66.66
28712091 Absent 0.00 Absent 0 Absent 0.00 Absent 0 Absent 0 0.00 0.00 0.00
28712121 Absent 0.00 7.7 3.85 Absent 0.00 3.5 1.75 Absent 0 0.00 5.60 5.60
28712124 Absent 0.00 12 6 6 4.50 13 6.5 18.5 18.5 9.91 26.91 26.91
28712171 Absent 0.00 6 3 0 0.00 Absent 0 Absent 0 0.00 3.00 3.00
28712181 9.3 10.33 9 4.5 13 9.75 19 9.5 6.5 6.5 3.48 37.57 37.57
28712188 26.5 29.44 20 10 16 12.00 18 9 13 13 6.96 67.41 67.41
28712195 Absent 0.00 17 8.5 15 11.25 15 7.5 27 27 14.46 41.71 41.71
28712200 12.25 13.61 12 6 5 3.75 12.5 6.25 11 11 5.89 35.50 35.50
28712213 25.7 28.56 18.75 9.375 10 7.50 8.5 4.25 11 11 5.89 55.57 55.57
28712223 5 5.56 10 5 8 6.00 12 6 Absent 0 0.00 22.56 22.56
28712227 34.1 37.89 16 8 15 11.25 12 6 16 16 8.57 71.71 71.71
28712245 12.5 13.89 15 7.5 3 2.25 5 2.5 6.5 6.5 3.48 29.62 29.62
28712255 33.5 37.22 12.6 6.3 11 8.25 6.5 3.25 14.5 14.5 7.77 62.79 62.79
28712266 24 26.67 18 9 6.7 5.03 13.9 6.95 10.25 10.25 5.49 53.13 53.13
28712268 33 36.67 20 10 Absent 0.00 14.25 7.125 Absent 0 0.00 53.79 53.79
28712269 22 24.44 16 8 13 9.75 19 9.5 9 9 4.82 56.52 56.52
28712271 13.5 15.00 12.5 6.25 5 3.75 Absent 0 6 6 3.21 28.21 28.21
28712278 27 30.00 20 10 19 14.25 20 10 20 20 10.71 74.96 74.96
28712284 36 40.00 18 9 14.3 10.73 17.9 8.95 20.5 20.5 10.98 79.66 79.66
28712300 17.5 19.44 Absent 0 10.75 8.06 18.66 9.33 6 6 3.21 40.05 40.05
28712321 2 2.22 0 0 0 0.00 0 0 3.5 3.5 1.88 4.10 4.10
28712333 7 7.78 15 7.5 7 5.25 16 8 9.5 9.5 5.09 33.62 33.62
28712337 35.5 39.44 18.75 9.375 20 15.00 20 10 19.5 19.5 10.45 84.27 84.27
28712360 18 20.00 20 10 11.5 8.63 6.3 3.15 17.5 17.5 9.38 51.15 51.15
28712375 33 36.67 20 10 20 15.00 17.5 8.75 29 28 15.00 85.42 85.42
28712378 24.5 27.22 14 7 20 15.00 20 10 13.5 13.5 7.23 66.45 66.45
28712388 39 43.33 Absent 0 Absent 0.00 20 10 27 27 14.46 67.80 67.80
28712392 26.5 29.44 20 10 4.7 3.53 11 5.5 11 11 5.89 54.36 54.36
28712413 3.5 3.89 18 9 7 5.25 13.5 6.75 1.5 1.5 0.80 25.69 25.69
Nétudiant Examen / 45 Examen /50 TME / 20 TME /10 TME Solo /20 TME Solo /15 TD / 20 TD / 10 Dst /31 DsT / 28 DsT /15 TOTAL brut Aménagement Note aménagée Note UE
28712418 Absent 0.00 0 0 0 0.00 Absent 0 Absent 0 0.00 0.00 0.00
28712429 20 22.22 19.6 9.8 10 7.50 19.6 9.8 5.5 5.5 2.95 52.27 52.27
28712433 7.5 8.33 18 9 0 0.00 9 4.5 2 2 1.07 22.90 22.90
28712455 Absent 0.00 0 0 Absent 0.00 Absent 0 Absent 0 0.00 0.00 0.00
28712457 5.5 6.11 8 4 7 5.25 10 5 6.25 6.25 3.35 23.71 23.71
28712458 Absent 0.00 4.75 2.375 Absent 0.00 0 0 Absent 0 0.00 2.38 2.38
28712459 Absent 0.00 10 5 10 7.50 20 10 8 8 4.29 26.79 26.79
28712460 23 25.56 Absent 0 13 9.75 20 10 13.5 13.5 7.23 52.54 52.54
28712466 14.3 15.89 11 5.5 4 3.00 8 4 Absent 0 0.00 28.39 28.39
28712469 13.75 15.28 9.6 4.8 3.6 2.70 14.3 7.15 6.5 6.5 3.48 33.41 33.41
28712493 1.25 1.39 7 3.5 1 0.75 Absent 0 Absent 0 0.00 5.64 5.64
28712526 35 38.89 18.88 9.44 17.5 13.13 16 8 25 25 13.39 82.85 82.85
28712529 21.5 23.89 20 10 14 10.50 10 5 14 14 7.50 56.89 56.89
28712602 25 27.78 19 9.5 9.3 6.98 15.2 7.6 16.5 16.5 8.84 60.69 60.69
28712607 Absent 0.00 4 2 0 0.00 0 0 Absent 0 0.00 2.00 2.00
28712609 32 35.56 20 10 19 14.25 10 5 15 15 8.04 72.84 72.84
28712615 2 2.22 16.6 8.3 4 3.00 16.6 8.3 4.5 4.5 2.41 24.23 24.23
28712622 21 23.33 15.5 7.75 4 3.00 9.42 4.71 9.75 9.75 5.22 44.02 44.02
28712630 27 30.00 Absent 0 Absent 0.00 Absent 0 Absent 0 0.00 30.00 30.00
28712634 9.5 10.56 Absent 0 0 0.00 7.34 3.67 9.5 9.5 5.09 19.31 19.31
28712638 43.5 48.33 20 10 18 13.50 17 8.5 26.5 26.5 14.20 94.53 94.53
28712643 26.5 29.44 18 9 16 12.00 16.5 8.25 10.45 10.45 5.60 64.29 64.29
28712645 20.5 22.78 12 6 8 6.00 12 6 Absent 0 0.00 40.78 40.78
28712649 7 7.78 15 7.5 4 3.00 19 9.5 2 2 1.07 28.85 28.85
28712672 Absent 0.00 10 5 0 0.00 16 8 Absent 0 0.00 13.00 13.00
28712689 33 36.67 16 8 16 12.00 2.3 1.15 16 16 8.57 66.39 66.39
28712702 16.75 18.61 Absent 0 9 6.75 15 7.5 23 23 12.32 45.18 45.18
28712746 Absent 0.00 Absent 0 Absent 0.00 0 0 Absent 0 0.00 0.00 0.00
28712747 17.5 19.44 10 5 7 5.25 10 5 6.5 6.5 3.48 38.18 38.18
28712749 Absent 0.00 6 3 Absent 0.00 4 2 Absent 0 0.00 5.00 5.00
28712760 Absent 0.00 18 9 6 4.50 11.3 5.65 Absent 0 0.00 19.15 19.15
28712764 39 43.33 20 10 19 14.25 19 9.5 26 26 13.93 91.01 91.01
28712770 24.4 27.11 20 10 9 6.75 10.75 5.375 12.5 12.5 6.70 55.93 55.93
28712776 45 50.00 16 8 20 15.00 17 8.5 28 28 15.00 96.50 96.50
28712799 4 4.44 Absent 0 0 0.00 7.34 3.67 4 4 2.14 10.26 10.26
28712800 28.25 31.39 19.8 9.9 13 9.75 18 9 18 18 9.64 69.68 69.68
28712825 Absent 0.00 Absent 0 Absent 0.00 Absent 0 Absent 0 0.00 0.00 0.00
28712840 11.5 12.78 20 10 3 2.25 5 2.5 2 2 1.07 28.60 28.60
28712842 18 20.00 8 4 7 5.25 16 8 18.5 18.5 9.91 47.16 47.16
28712847 31.6 35.11 20 10 19.5 14.63 17.3 8.65 21.5 21.5 11.52 79.90 79.90
28712864 2 2.22 11 5.5 5 3.75 10.5 5.25 0.5 0.5 0.27 16.99 16.99
28712869 Absent 0.00 11 5.5 Absent 0.00 8 4 Absent 0 0.00 9.50 9.50
28712899 31.75 35.28 18.4 9.2 20 15.00 20 10 20 20 10.71 80.19 80.19
28712900 14.5 16.11 Absent 0 4.75 3.56 18 9 12 12 6.43 35.10 35.10
28712928 28.5 31.67 19.2 9.6 13 9.75 19.2 9.6 17 17 9.11 69.72 69.72
28712940 Absent 0.00 0 0 0 0.00 10 5 Absent 0 0.00 5.00 5.00
Nétudiant Examen / 45 Examen /50 TME / 20 TME /10 TME Solo /20 TME Solo /15 TD / 20 TD / 10 Dst /31 DsT / 28 DsT /15 TOTAL brut Aménagement Note aménagée Note UE
28712981 12 13.33 4 2 13 9.75 4.5 2.25 10.75 10.75 5.76 33.09 33.09
28712989 4 4.44 9 4.5 3 2.25 12 6 2.5 2.5 1.34 18.53 18.53
28713003 Absent 0.00 Absent 0 Absent 0.00 0 0 Absent 0 0.00 0.00 0.00
28713005 26 28.89 Absent 0 Absent 0.00 10 5 25.5 25.5 13.66 47.55 47.55
28713032 36.3 40.33 17 8.5 20 15.00 18 9 21 21 11.25 84.08 84.08
28713048 Absent 0.00 Absent 0 Absent 0.00 Absent 0 Absent 0 0.00 0.00 0.00
28713121 28 31.11 10 5 20 15.00 10 5 26 26 13.93 70.04 70.04
28713132 37 41.11 16.3 8.15 19 14.25 10 5 23.5 23.5 12.59 81.10 81.10
28713149 41.75 46.39 18 9 16 12.00 5 2.5 22 22 11.79 81.67 81.67
28713180 Absent 0.00 Absent 0 Absent 0.00 Absent 0 Absent 0 0.00 0.00 0.00
28713228 12.5 13.89 18 9 15 11.25 18.5 9.25 13.5 13.5 7.23 50.62 50.62
28713239 Absent 0.00 15.1 7.55 19 14.25 14 7 18 18 9.64 38.44 38.44
28713301 Absent 0.00 19.5 9.75 11.5 8.63 17 8.5 19.5 19.5 10.45 37.32 37.32
28713344 Absent 0.00 Absent 0 Absent 0.00 Absent 0 Absent 0 0.00 0.00 0.00
28713409 43.5 48.33 10 5 19 14.25 10 5 20.5 20.5 10.98 83.57 83.57
28713483 Absent 0.00 Absent 0 Absent 0.00 14 7 13 13 6.96 13.96 13.96
28713567 24 26.67 12.3 6.15 3 2.25 18.5 9.25 11.75 11.75 6.29 50.61 50.61
28713613 17.75 19.72 20 10 19 14.25 10 5 7.5 7.5 4.02 52.99 52.99
28713625 Absent 0.00 Absent 0 Absent 0.00 0 0 Absent 0 0.00 0.00 0.00
28713630 17 18.89 18 9 11 8.25 20 10 4.75 4.75 2.54 48.68 48.68
28713631 21.5 23.89 20 10 13 9.75 14.5 7.25 16.6 16.6 8.89 59.78 59.78
28713632 1.4 1.56 10 5 Absent 0.00 10 5 3 3 1.61 13.16 13.16
28713781 Absent 0.00 0 0 0 0.00 Absent 0 Absent 0 0.00 0.00 0.00
28713792 24.5 27.22 17.33 8.665 8 6.00 5 2.5 5 5 2.68 47.07 47.07
28713895 2 2.22 12 6 3 2.25 10 5 1 1 0.54 16.01 16.01
28713901 16.5 18.33 5 2.5 19 14.25 10 5 5.5 5.5 2.95 43.03 43.03
28713925 19.5 21.67 Absent 0 4 3.00 10 5 11.5 11.5 6.16 35.83 35.83
28713937 Absent 0.00 10 5 Absent 0.00 Absent 0 Absent 0 0.00 5.00 5.00
28713952 21.5 23.89 12.5 6.25 5 3.75 10.58 5.29 10.25 10.25 5.49 44.67 44.67
28713965 Absent 0.00 10 5 0.5 0.38 10 5 0 0 0.00 10.38 10.38
28714072 21 23.33 20 10 9.5 7.13 12.5 6.25 20.65 20.65 11.06 57.77 57.77
28714154 10 11.11 12 6 6 4.50 8 4 1.5 1.5 0.80 26.41 26.41
28714162 Absent 0.00 0 0 Absent 0.00 Absent 0 Absent 0 0.00 0.00 0.00
28714165 16.5 18.33 15 7.5 3 2.25 19 9.5 8.5 8.5 4.55 42.14 42.14
28714174 45 50.00 18 9 17 12.75 18.3 9.15 27.9 27.9 14.95 95.85 95.85
28714182 30 33.33 10.4 5.2 10.2 7.65 16.8 8.4 Absent 0 0.00 54.58 54.58
28714236 Absent 0.00 Absent 0 Absent 0.00 Absent 0 1 1 0.54 0.54 0.54
28714287 12.5 13.89 9.7 4.85 17 12.75 11 5.5 7.5 7.5 4.02 41.01 41.01
28714355 27.5 30.56 15.75 7.875 Absent 0.00 19 9.5 16 16 8.57 56.50 56.50
28714413 15 16.67 16.75 8.375 4 3.00 15 7.5 4 4 2.14 37.68 37.68
28714432 21.5 23.89 20 10 14 10.50 20 10 22.5 22.5 12.05 66.44 66.44
28714485 14 15.56 11.8 5.9 9 6.75 2 1 9.5 9.5 5.09 34.29 34.29
28714490 20.5 22.78 18 9 6 4.50 17 8.5 6.25 6.25 3.35 48.13 48.13
28714527 32.75 36.39 10 5 Absent 0.00 Absent 0 18 18 9.64 51.03 51.03
28714540 6 6.67 15 7.5 1 0.75 6 3 0 0 0.00 17.92 17.92
28714560 33.5 37.22 18 9 15 11.25 13.67 6.835 18.25 18.25 9.78 74.08 74.08
Nétudiant Examen / 45 Examen /50 TME / 20 TME /10 TME Solo /20 TME Solo /15 TD / 20 TD / 10 Dst /31 DsT / 28 DsT /15 TOTAL brut Aménagement Note aménagée Note UE
28714567 28.5 31.67 15.2 7.6 15 11.25 16 8 Absent 0 0.00 58.52 58.52
28714617 32 35.56 18 9 12 9.00 15 7.5 22 22 11.79 72.84 72.84
28714638 3.8 4.22 12.88 6.44 2 1.50 12 6 0 0 0.00 18.16 18.16
28714640 35 38.89 20 10 17 12.75 16 8 27 27 14.46 84.10 84.10
28714685 27 30.00 20 10 Absent 0.00 12 6 17 17 9.11 55.11 55.11
28714699 2.5 2.78 8 4 0.5 0.38 10 5 3 3 1.61 13.76 13.76
28714720 5 5.56 13 6.5 6 4.50 10 5 7 7 3.75 25.31 25.31
28714792 28 31.11 15.63 7.815 8 6.00 15 7.5 4 4 2.14 54.57 54.57
28714800 38.5 42.78 20 10 20 15.00 20 10 25 25 13.39 91.17 91.17
28714807 38 42.22 20 10 18 13.50 19 9.5 24.5 24.5 13.13 88.35 88.35
28714814 19 21.11 19 9.5 10 7.50 12 6 12 12 6.43 50.54 50.54
28714848 Absent 0.00 Absent 0 Absent 0.00 Absent 0 Absent 0 0.00 0.00 0.00
28714889 1 1.11 18 9 4.5 3.38 3.4 1.7 0 0 0.00 15.19 15.19
28714890 20.75 23.06 17.75 8.875 13 9.75 Absent 0 8 8 4.29 45.97 45.97
28715017 Absent 0.00 11 5.5 Absent 0.00 13 6.5 3.5 3.5 1.88 13.88 13.88
28715028 20 22.22 Absent 0 10 7.50 12 6 20.5 20.5 10.98 46.70 46.70
28715073 25 27.78 11 5.5 11 8.25 11 5.5 13 13 6.96 53.99 53.99
28715112 14 15.56 16 8 6 4.50 1 0.5 2.5 2.5 1.34 29.89 29.89
28715130 9.5 10.56 13.5 6.75 Absent 0.00 14 7 6 6 3.21 27.52 27.52
28715136 24 26.67 19 9.5 16 12.00 Absent 0 9 9 4.82 52.99 52.99
28715162 21.5 23.89 20 10 6.88 5.16 19 9.5 4 4 2.14 50.69 50.69
28715184 21 23.33 Absent 0 4 3.00 13.34 6.67 16.5 16.5 8.84 41.84 41.84
28715199 11.5 12.78 9 4.5 8 6.00 14 7 9 9 4.82 35.10 35.10
28715240 42.25 46.94 19 9.5 19 14.25 19 9.5 16.5 16.5 8.84 89.03 89.03
28715332 Absent 0.00 Absent 0 Absent 0.00 Absent 0 Absent 0 0.00 0.00 0.00
28715333 31.5 35.00 Absent 0 11 8.25 9.34 4.67 19 19 10.18 58.10 JURY 58.09857143 58.09857143
28715340 Absent 0.00 7 3.5 Absent 0.00 Absent 0 0 0 0.00 3.50 3.50
28715415 28.5 31.67 18.5 9.25 11 8.25 10 5 15.5 15.5 8.30 62.47 62.47
28715421 8 8.89 16.6 8.3 7 5.25 14 7 8 8 4.29 33.72 33.72
28715422 30.5 33.89 19 9.5 8 6.00 15.25 7.625 21 21 11.25 68.26 68.26
28715453 27.25 30.28 13.9 6.95 11 8.25 14 7 13.5 13.5 7.23 59.71 59.71
28715475 4 4.44 16 8 4 3.00 11 5.5 Absent 0 0.00 20.94 20.94
28715678 21 23.33 13.5 6.75 5.5 4.13 8.13 4.065 8.5 8.5 4.55 42.83 42.83
28715682 20 22.22 17 8.5 7.5 5.63 14 7 7.5 7.5 4.02 47.37 47.37
28715792 4 4.44 7 3.5 4 3.00 4 2 Absent 0 0.00 12.94 12.94
28715848 Absent 0.00 6.5 3.25 Absent 0.00 6 3 0 0 0.00 6.25 6.25
28715866 6.5 7.22 15 7.5 2 1.50 10 5 5 5 2.68 23.90 23.90
28715896 1 1.11 0 0 0 0.00 Absent 0 Absent 0 0.00 1.11 1.11
28715951 Absent 0.00 Absent 0 Absent 0.00 0 0 0 0 0.00 0.00 0.00
28716022 Absent 0.00 Absent 0 Absent 0.00 Absent 0 Absent 0 0.00 0.00 0.00
28716087 18.75 20.83 18 9 7.5 5.63 8 4 13.75 13.75 7.37 46.82 46.82
28716151 16.5 18.33 11.7 5.85 14 10.50 15 7.5 3 3 1.61 43.79 43.79
28716179 3 3.33 10 5 3 2.25 10 5 1.5 1.5 0.80 16.39 16.39
28716220 15 16.67 20 10 11.5 8.63 14 7 9 9 4.82 47.11 47.11
28716236 22 24.44 18.33 9.165 10 7.50 15 7.5 15 15 8.04 56.65 56.65
28716247 0 0.00 10 5 0 0.00 10 5 0 0 0.00 10.00 10.00
Nétudiant Examen / 45 Examen /50 TME / 20 TME /10 TME Solo /20 TME Solo /15 TD / 20 TD / 10 Dst /31 DsT / 28 DsT /15 TOTAL brut Aménagement Note aménagée Note UE
28716257 12.5 13.89 20 10 8 6.00 8 4 7 7 3.75 37.64 37.64
28716263 10.5 11.67 15.2 7.6 6 4.50 14 7 8 8 4.29 35.05 35.05
28716269 4.5 5.00 9.4 4.7 Absent 0.00 10 5 5 5 2.68 17.38 17.38
28716356 9.5 10.56 18 9 3 2.25 18 9 7.5 7.5 4.02 34.82 34.82
28716369 Absent 0.00 7.5 3.75 3 2.25 5 2.5 0 0 0.00 8.50 8.50
28716389 Absent 0.00 9.6 4.8 Absent 0.00 Absent 0 Absent 0 0.00 4.80 4.80
28716398 30 33.33 Absent 0 14 10.50 15 7.5 14.5 14.5 7.77 59.10 59.10
28716401 21 23.33 13 6.5 9 6.75 12.5 6.25 12 12 6.43 49.26 JURY 50 50
28716402 7.5 8.33 7.5 3.75 2 1.50 7.92 3.96 12 12 6.43 23.97 23.97
28716423 10 11.11 7.5 3.75 2 1.50 7.5 3.75 18 18 9.64 29.75 29.75
28716428 35 38.89 18 9 20 15.00 20 10 25 25 13.39 86.28 86.28
28716429 23 25.56 11 5.5 18 13.50 8 4 18 18 9.64 58.20 58.20
28716443 22.5 25.00 12 6 13 9.75 11 5.5 6.5 6.5 3.48 49.73 JURY 50 50
28716511 35.5 39.44 19 9.5 15 11.25 12.75 6.375 20 20 10.71 77.28 77.28
28716527 36 40.00 18 9 19 14.25 18.5 9.25 28.5 28 15.00 87.50 87.50
28716547 12.75 14.17 10 5 6 4.50 10 5 4 4 2.14 30.81 30.81
28716605 0 0.00 Absent 0 Absent 0.00 Absent 0 0.5 0.5 0.27 0.27 0.27
28716607 5 5.56 Absent 0 4 3.00 Absent 0 Absent 0 0.00 8.56 8.56
28716648 36.5 40.56 20 10 20 15.00 18 9 25.3 25.3 13.55 88.11 88.11
28716692 12.5 13.89 10 5 4 3.00 10 5 12.5 12.5 6.70 33.59 33.59
28716750 31.75 35.28 16 8 17 12.75 17 8.5 5 5 2.68 67.21 67.21
28716812 13.4 14.89 15 7.5 2 1.50 10.5 5.25 6 6 3.21 32.35 32.35
28716894 39.5 43.89 18.25 9.125 20 15.00 17 8.5 25.5 25.5 13.66 90.17 90.17
28716896 11 12.22 10 5 5.5 4.13 14 7 5.85 5.85 3.13 31.48 31.48
28717016 Absent 0.00 17 8.5 Absent 0.00 Absent 0 1 1 0.54 9.04 9.04
28717041 29.5 32.78 15 7.5 10 7.50 18.8 9.4 25 25 13.39 70.57 70.57
28717218 Absent 0.00 Absent 0 Absent 0.00 Absent 0 Absent 0 0.00 0.00 0.00
28717219 9.5 10.56 10 5 2.5 1.88 0.5 0.25 3 3 1.61 19.29 19.29
28717235 39.5 43.89 15 7.5 11 8.25 7 3.5 18 18 9.64 72.78 72.78
28717247 35.2 39.11 Absent 0 Absent 0.00 19 9.5 21.5 21.5 11.52 60.13 60.13
28717249 45 50.00 20 10 11.5 8.63 14.6 7.3 29 28 15.00 90.93 90.93
28717267 21 23.33 18 9 9 6.75 13 6.5 9.5 9.5 5.09 50.67 50.67
28717270 5 5.56 12 6 Absent 0.00 0 0 7 7 3.75 15.31 15.31
28717271 35 38.89 Absent 0 Absent 0.00 12 6 4 4 2.14 47.03 47.03
28717272 32.5 36.11 17 8.5 15 11.25 8.5 4.25 11 11 5.89 66.00 66.00
28717281 26 28.89 20 10 Absent 0.00 17 8.5 18 18 9.64 57.03 57.03
28717287 43 47.78 18 9 17 12.75 10 5 19.5 19.5 10.45 84.97 84.97
28717298 15 16.67 Absent 0 Absent 0.00 12 6 11 11 5.89 28.56 28.56
28717301 13.25 14.72 12 6 4 3.00 2.5 1.25 11 11 5.89 30.87 30.87
28717302 24.5 27.22 16 8 9 6.75 7 3.5 11.5 11.5 6.16 51.63 51.63
28717321 29 32.22 16 8 12 9.00 11 5.5 13 13 6.96 61.69 61.69
28717322 6.5 7.22 19 9.5 Absent 0.00 20 10 4 4 2.14 28.87 28.87
28717328 20 22.22 16 8 11.5 8.63 5.3 2.65 12 12 6.43 47.93 47.93
28717373 34.1 37.89 14 7 17 12.75 12 6 21 21 11.25 74.89 74.89
28717394 Absent 0.00 Absent 0 Absent 0.00 Absent 0 Absent 0 0.00 0.00 0.00
28717601 37 41.11 20 10 13 9.75 20 10 20.5 20.5 10.98 81.84 81.84
Nétudiant Examen / 45 Examen /50 TME / 20 TME /10 TME Solo /20 TME Solo /15 TD / 20 TD / 10 Dst /31 DsT / 28 DsT /15 TOTAL brut Aménagement Note aménagée Note UE
28717732 8.5 9.44 12 6 4 3.00 10 5 1 1 0.54 23.98 23.98
28717807 6 6.67 14 7 1 0.75 16 8 3.5 3.5 1.88 24.29 24.29
28717865 3 3.33 Absent 0 Absent 0.00 7 3.5 6 6 3.21 10.05 10.05
28717867 15.5 17.22 Absent 0 Absent 0.00 14 7 11 11 5.89 30.12 30.12
28717954 4 4.44 13 6.5 3 2.25 16 8 1.5 1.5 0.80 22.00 22.00
28718363 14 15.56 7 3.5 2 1.50 10 5 10 10 5.36 30.91 30.91
28718376 20 22.22 18 9 9.25 6.94 15.5 7.75 9.25 9.25 4.96 50.87 50.87
28718425 6.5 7.22 18 9 10.5 7.88 14.3 7.15 5.45 5.45 2.92 34.17 34.17
28718433 Absent 0.00 12 6 0 0.00 11 5.5 Absent 0 0.00 11.50 11.50
28718491 19.5 21.67 20 10 9.38 7.04 19 9.5 13 13 6.96 55.17 55.17
28718549 10.75 11.94 15 7.5 6 4.50 14 7 8 8 4.29 35.23 35.23
28718596 13.5 15.00 13.5 6.75 6.5 4.88 18 9 8 8 4.29 39.91 39.91
28718611 39 43.33 12 6 Absent 0.00 9.5 4.75 16.5 16.5 8.84 62.92 62.92
28718616 17.75 19.72 20 10 13 9.75 6.5 3.25 6.5 6.5 3.48 46.20 46.20
28718763 Absent 0.00 4 2 0 0.00 6.25 3.125 0.25 0.25 0.13 5.26 5.26
28718830 Absent 0.00 Absent 0 Absent 0.00 0 0 0 0 0.00 0.00 0.00
28719251 6 6.67 14 7 5.63 4.22 12 6 4 4 2.14 26.03 26.03
28719429 Absent 0.00 6 3 Absent 0.00 0 0 0 0 0.00 3.00 3.00
28719772 Absent 0.00 Absent 0 Absent 0.00 Absent 0 Absent 0 0.00 0.00 0.00
28720234 19.5 21.67 19 9.5 10 7.50 14 7 12 12 6.43 52.10 52.10
28720263 28.5 31.67 17.6 8.8 9 6.75 16 8 19 19 10.18 65.40 65.40
28720761 Absent 0.00 Absent 0 Absent 0.00 Absent 0 3 3 1.61 1.61 1.61
28721063 20 22.22 6 3 6 4.50 Absent 0 Absent 0 0.00 29.72 29.72
28721597 Absent 0.00 Absent 0 Absent 0.00 Absent 0 Absent 0 0.00 0.00 0.00
28721748 29.5 32.78 17 8.5 11.5 8.63 17.3 8.65 22 22 11.79 70.34 70.34
28721950 0 0.00 Absent 0 Absent 0.00 20 10 Absent 0 0.00 10.00 10.00
28722117 23 25.56 17 8.5 11.5 8.63 10 5 8 8 4.29 51.97 51.97
28726520 7 7.78 Absent 0 Absent 0.00 Absent 0 Absent 0 0.00 7.78 7.78
28728443 5.5 6.11 14 7 0.63 0.47 Absent 0 1 1 0.54 14.12 14.12
28729615 Absent 0.00 Absent 0 Absent 0.00 Absent 0 Absent 0 0.00 0.00 0.00
28729891 16 17.78 Absent 0 18 13.50 Absent 0 Absent 0 0.00 31.28 31.28